-0.035,0.050,1.011,25.710,88.660,121.090,-0.020,0.985,-0.012
-0.039,0.050,1.007,25.910,88.660,121.290,-0.016,0.981,-0.012
-0.035,0.054,1.011,25.920,88.660,121.300,-0.020,0.981,-0.012
-0.035,0.050,1.007,25.930,88.660,121.310,-0.020,0.981,-0.012
-0.035,0.050,1.007,25.940,88.660,121.320,-0.020,0.981,-0.012
-0.035,0.050,1.007,25.950,88.660,121.330,-0.020,0.981,-0.012
-0.039,0.050,1.007,25.930,88.660,121.310,-0.020,0.981,-0.012
-0.039,0.050,1.011,25.910,88.660,121.290,-0.020,0.981,-0.016
-0.039,0.050,1.015,25.900,88.660,121.280,-0.020,0.981,-0.012
-0.035,0.050,1.011,25.870,88.660,121.250,-0.020,0.977,-0.012
-0.035,0.046,1.007,25.850,88.660,121.230,-0.020,0.985,-0.012
-0.031,0.054,1.011,25.830,88.660,121.220,-0.016,0.981,-0.012
-0.039,0.050,1.007,25.830,88.660,121.210,-0.020,0.981,-0.012
-0.039,0.050,1.015,25.800,88.650,121.190,-0.020,0.981,-0.012
-0.035,0.050,1.011,25.790,88.650,121.170,-0.020,0.981,-0.012
-0.039,0.050,1.007,25.780,88.650,121.160,-0.016,0.981,-0.012
-0.035,0.050,1.007,25.780,88.650,121.160,-0.020,0.981,-0.012
-0.035,0.046,1.007,25.610,88.660,120.990,-0.024,0.981,-0.012
-0.035,0.054,1.011,25.600,88.660,120.980,-0.020,0.977,-0.016
-0.031,0.050,1.015,25.590,88.660,120.970,-0.020,0.981,-0.008
-0.039,0.050,1.015,25.580,88.660,120.960,-0.020,0.981,-0.012
-0.035,0.054,1.007,25.530,88.670,120.910,-0.020,0.981,-0.012
-0.042,0.054,1.007,25.490,88.670,120.880,-0.020,0.977,-0.008
-0.039,0.054,1.011,25.460,88.670,120.840,-0.020,0.981,-0.012
-0.035,0.046,1.011,25.450,88.670,120.830,-0.024,0.981,-0.012
-0.039,0.050,1.007,25.470,88.670,120.850,-0.020,0.981,-0.012
-0.035,0.054,1.003,25.470,88.670,120.850,-0.020,0.985,-0.012
-0.035,0.050,1.011,25.480,88.670,120.860,-0.020,0.981,-0.012
-0.039,0.050,1.007,25.480,88.660,120.860,-0.020,0.981,-0.008
-0.035,0.050,1.007,25.490,88.660,120.870,-0.020,0.981,-0.016
-0.039,0.054,1.007,25.500,88.660,120.880,-0.016,0.978,-0.008
-0.035,0.050,1.011,25.500,88.660,120.880,-0.020,0.977,-0.012
-0.035,0.050,1.007,25.500,88.660,120.880,-0.020,0.985,-0.012
-0.035,0.050,1.007,25.520,88.660,120.900,-0.020,0.981,-0.012
-0.039,0.050,1.011,25.520,88.660,120.900,-0.020,0.981,-0.012
-0.035,0.050,1.007,25.520,88.660,120.900,-0.020,0.981,-0.012
-0.035,0.054,1.015,25.520,88.660,120.900,-0.020,0.981,-0.012
-0.039,0.046,1.011,25.530,88.650,120.910,-0.020,0.981,-0.012
-0.035,0.054,1.011,25.530,88.650,120.910,-0.020,0.981,-0.012
-0.039,0.054,1.007,25.540,88.650,120.920,-0.020,0.985,-0.012
-0.035,0.050,1.007,25.540,88.650,120.920,-0.016,0.981,-0.012
-0.035,0.050,1.015,25.540,88.650,120.920,-0.020,0.981,-0.008
-0.035,0.050,1.011,25.540,88.650,120.920,-0.020,0.981,-0.012
-0.039,0.050,1.007,25.530,88.650,120.910,-0.020,0.981,-0.012
-0.039,0.050,1.011,25.520,88.650,120.900,-0.020,0.981,-0.012
-0.035,0.054,1.007,25.520,88.660,120.900,-0.020,0.981,-0.012
-0.035,0.046,1.003,25.580,88.660,120.960,-0.016,0.978,-0.008
-0.035,0.054,1.015,25.650,88.660,121.030,-0.020,0.981,-0.012
0.000,0.050,1.000,25.660,88.660,121.040,-0.020,0.981,-0.012
-0.050,0.050,1.003,25.370,88.760,120.660,-0.024,0.981,-0.016
-0.035,0.046,1.015,25.190,88.770,120.480,-0.012,0.978,-0.008
-0.039,0.062,1.000,25.220,88.770,120.490,0.000,0.981,0.000
-0.039,0.039,1.011,25.420,88.760,120.670,0.000,0.989,-0.012
-0.035,0.054,1.011,26.890,88.650,122.140,-0.020,0.977,-0.004
-0.031,0.039,1.000,26.710,88.720,121.960,0.000,0.974,0.004
-0.042,0.050,1.042,27.690,88.650,122.930,-0.043,1.001,-0.051
-0.050,0.050,1.015,27.600,88.670,122.850,-0.039,0.993,-0.035
-0.046,0.050,0.968,28.540,88.620,123.770,-0.047,1.001,-0.059
-0.039,0.046,1.003,27.870,88.740,123.090,0.024,0.958,0.020
-0.039,0.050,1.031,29.020,88.640,124.240,-0.020,0.993,-0.024
-0.039,0.046,1.007,28.600,88.690,123.810,-0.016,0.974,0.012
-0.035,0.054,1.007,29.890,88.590,124.950,-0.031,0.989,-0.028
-0.042,0.058,1.003,29.570,88.650,124.630,-0.016,0.978,-0.008
-0.035,0.054,1.003,30.210,88.610,125.280,-0.028,0.985,-0.024
-0.039,0.050,1.003,30.310,88.610,125.380,-0.024,0.981,-0.016
-0.035,0.054,1.015,30.960,88.560,125.980,-0.031,0.985,-0.024
-0.035,0.054,1.011,30.910,88.560,125.940,-0.020,0.985,-0.020
-0.027,0.085,1.011,30.820,88.570,125.850,-0.016,0.981,-0.012
-0.031,0.050,1.003,30.770,88.570,125.790,-0.024,0.981,-0.012
-0.031,0.093,1.011,30.630,88.590,125.660,-0.031,0.985,-0.028
-0.050,0.042,1.019,30.490,88.590,125.280,-0.008,0.985,0.012
-0.035,0.046,1.003,30.420,88.560,124.870,-0.031,0.981,-0.035
-0.035,0.046,1.011,30.330,88.560,124.680,-0.039,0.978,-0.047
-0.035,0.054,1.007,30.240,88.490,123.630,-0.012,0.985,-0.012
-0.039,0.054,0.992,30.030,88.490,123.220,-0.016,0.981,-0.008
-0.058,0.074,1.000,29.650,88.530,122.820,-0.012,0.978,0.000
-0.054,0.054,1.007,29.710,88.520,122.880,-0.004,0.974,0.008
-0.125,0.117,1.167,28.070,88.660,120.990,-0.051,0.974,0.028
-0.253,0.070,0.914,27.840,88.650,120.220,-0.024,0.996,-0.024
-0.105,0.109,1.070,23.360,88.900,114.880,-0.063,0.993,0.020
-0.179,0.015,1.085,21.700,88.960,113.030,-0.063,0.989,0.016
-0.074,0.074,1.035,-17.720,86.960,75.180,-0.106,0.974,-0.016
-0.074,0.125,0.976,-17.310,87.060,75.720,-0.110,0.966,-0.020
-0.019,0.007,0.992,-17.060,87.200,76.090,-0.110,0.970,-0.020
0.085,0.023,0.957,-17.280,87.370,75.980,-0.098,0.970,0.004
0.027,0.011,0.988,-33.350,88.750,61.410,0.008,0.958,0.000
0.015,-0.003,0.976,1.480,89.490,97.350,0.071,0.935,-0.043
0.058,0.023,1.000,101.940,89.390,-161.700,0.067,0.954,0.004
0.046,0.027,0.992,100.880,89.270,-162.740,0.078,0.962,0.012
-0.023,0.070,0.996,79.100,88.010,175.670,0.067,0.970,-0.047
0.019,0.062,0.996,74.480,87.450,170.710,0.055,0.970,-0.028
0.023,0.070,1.019,70.140,87.110,165.870,0.039,0.965,-0.043
-0.027,0.113,1.007,69.250,87.030,164.900,0.028,0.970,-0.012
0.000,0.070,1.015,59.350,86.280,154.730,0.000,0.981,-0.039
0.000,0.093,1.042,57.570,86.460,152.920,-0.008,0.993,-0.051
-0.007,0.070,1.031,56.050,86.730,151.460,-0.008,0.985,-0.043
0.003,0.097,1.023,55.550,86.780,151.020,-0.008,0.989,-0.047
0.015,0.062,1.011,72.470,87.740,169.950,0.012,0.985,-0.051
0.003,0.070,0.976,73.940,87.720,171.540,0.008,0.981,-0.051
-0.015,0.054,0.960,75.710,87.710,173.410,0.000,0.974,-0.051
0.027,0.023,0.992,77.830,87.720,175.650,0.004,0.970,-0.051
-0.019,0.066,0.984,99.550,87.930,-161.800,0.031,0.942,-0.043
0.003,0.074,1.011,101.160,87.930,-159.640,0.016,0.966,-0.035
-0.007,0.078,1.011,108.500,87.990,-152.050,0.012,0.953,-0.024
-0.015,0.085,1.023,110.240,88.000,-150.270,0.020,0.954,-0.024
-0.003,0.085,1.023,101.880,88.000,-158.340,-0.012,0.985,-0.047
-0.003,0.054,1.007,97.970,87.920,-162.220,-0.020,0.989,-0.043
-0.003,0.078,1.011,96.110,87.870,-163.940,-0.004,0.989,-0.047
0.000,0.050,1.011,95.140,87.860,-164.860,-0.004,0.989,-0.055
0.000,0.070,1.007,93.480,87.700,-166.250,0.000,0.977,-0.043
0.031,0.066,1.015,95.880,87.620,-163.870,0.004,0.985,-0.039
0.027,0.050,1.003,98.330,87.570,-161.370,0.004,0.985,-0.031
0.042,0.066,1.015,99.400,87.560,-160.310,0.020,0.981,-0.031
0.054,0.035,1.015,117.170,87.610,-142.320,0.071,0.989,-0.039
0.023,0.039,1.031,118.070,87.650,-141.340,0.071,0.993,-0.039
0.015,0.042,1.003,119.130,87.700,-140.190,0.071,0.993,-0.031
-0.019,0.050,0.996,120.510,87.750,-138.750,0.067,0.997,-0.031
-0.035,0.070,1.003,137.310,88.050,-121.790,0.039,0.981,-0.016
-0.015,0.093,1.000,145.820,88.300,-113.120,0.016,0.961,-0.028
-0.050,0.039,1.003,151.090,88.590,-108.100,-0.016,0.974,-0.004
-0.019,0.078,1.007,152.560,88.620,-106.670,-0.016,0.974,-0.008
-0.042,0.046,1.015,110.910,89.170,-148.050,-0.031,0.981,-0.020
-0.023,0.050,1.019,73.680,88.930,174.800,-0.024,0.973,-0.035
-0.027,0.035,1.027,60.560,88.800,161.800,-0.028,0.985,-0.031
-0.027,0.046,1.015,59.210,88.760,160.450,-0.031,0.985,-0.020
-0.042,0.070,0.992,50.160,88.730,151.630,-0.020,0.989,-0.012
-0.027,0.058,1.007,53.130,88.840,154.680,-0.020,0.989,-0.004
-0.042,0.050,1.000,62.670,88.900,164.120,-0.016,0.966,-0.012
-0.023,0.062,1.011,64.420,88.890,165.870,-0.020,0.973,-0.016
-0.031,0.050,1.007,77.340,88.940,178.900,-0.008,0.981,-0.016
-0.015,0.050,1.027,77.950,88.950,179.530,-0.012,0.981,-0.016
-0.023,0.058,1.011,78.640,88.970,-179.760,-0.008,0.981,-0.012
-0.023,0.054,1.011,79.300,88.990,-179.070,-0.008,0.981,-0.016
-0.027,0.039,1.011,77.130,88.970,178.790,0.000,0.985,-0.024
-0.027,0.058,1.007,74.090,88.810,175.750,-0.012,0.981,-0.024
-0.011,0.046,1.011,72.260,88.670,173.930,-0.016,0.981,-0.016
-0.007,0.050,1.007,72.160,88.680,173.840,-0.016,0.985,-0.012
-0.023,0.046,1.015,76.850,88.790,178.530,-0.008,0.978,-0.004
-0.031,0.070,1.003,78.130,88.850,179.850,0.000,0.977,-0.020
-0.007,0.046,1.007,76.970,88.840,178.560,-0.004,0.981,-0.020
-0.015,0.054,1.011,76.380,88.830,177.940,-0.008,0.985,-0.016
-0.015,0.050,1.011,75.940,88.960,177.440,-0.008,0.985,-0.020
-0.019,0.050,1.003,73.710,89.040,175.270,0.000,0.977,-0.020
-0.015,0.054,1.015,73.770,89.130,175.310,0.000,0.989,-0.024
-0.015,0.042,1.015,73.350,89.130,174.880,-0.004,0.985,-0.020
-0.011,0.039,1.023,69.560,89.130,171.180,-0.004,0.989,-0.012
-0.027,0.042,1.011,69.790,89.130,171.410,-0.004,0.989,-0.012
-0.007,0.042,1.007,70.090,89.120,171.710,0.004,0.989,-0.012
-0.019,0.035,0.992,70.460,89.120,172.080,0.000,0.989,-0.020
-0.003,0.042,1.019,78.300,89.180,179.960,0.008,0.981,-0.020
-0.039,0.058,1.011,78.060,89.130,179.770,0.008,0.974,-0.016
-0.007,0.050,1.011,77.540,89.210,179.310,0.008,0.985,-0.024
-0.023,0.042,1.011,77.480,89.230,179.230,0.000,0.985,-0.020
-0.011,0.058,1.011,81.680,89.320,-176.610,0.000,0.977,-0.024
-0.019,0.031,1.015,79.360,89.290,-178.880,-0.012,0.981,-0.012
-0.031,0.035,1.019,83.390,89.400,-174.820,-0.004,0.981,-0.016
-0.015,0.039,1.003,84.070,89.430,-174.130,0.000,0.981,-0.016
-0.031,0.015,0.996,80.000,89.530,-178.080,-0.012,0.989,-0.004
-0.011,0.027,1.011,94.670,89.630,-163.340,0.008,0.970,0.004
-0.027,0.046,1.011,84.120,89.650,-173.860,0.004,0.970,0.008
-0.023,0.042,1.019,82.960,89.640,-175.030,0.000,0.970,0.008
-0.027,0.050,1.027,38.210,89.830,139.910,-0.012,0.989,-0.012
-0.015,0.039,1.015,36.940,89.810,138.640,-0.008,0.993,-0.012
-0.019,0.046,1.011,36.710,89.790,138.400,-0.008,0.993,-0.012
-0.007,0.031,1.011,37.630,89.760,139.320,-0.004,0.989,-0.012
-0.027,0.039,0.996,41.400,89.730,143.120,-0.008,0.981,-0.008
-0.035,0.039,1.007,50.420,89.740,152.240,0.000,0.978,-0.004
-0.035,0.035,1.019,60.590,89.690,162.440,0.004,0.970,-0.008
-0.007,0.019,1.019,61.710,89.680,163.540,-0.004,0.966,-0.004
-0.019,0.035,1.035,59.000,89.720,160.800,-0.004,0.989,-0.008
-0.011,0.035,1.015,45.750,89.760,147.670,0.004,0.989,0.004
-0.031,0.027,1.011,32.590,89.840,134.510,0.004,0.993,0.004
-0.007,0.066,1.015,33.820,89.850,135.730,0.000,0.993,0.008
-0.035,0.039,0.992,39.090,-219.900,-274.780,4.984,8.979,15.169
-0.023,0.035,0.996,59.810,89.760,161.630,-0.004,0.981,-0.004
0.003,0.039,1.031,79.830,89.770,-178.390,0.000,0.981,-0.008
-0.015,0.031,1.011,88.980,89.670,-169.310,-0.012,0.970,-0.008
-0.011,0.019,1.019,88.540,89.600,-169.700,-0.004,0.962,-0.024
-0.031,0.042,1.003,103.060,89.540,-155.070,0.008,0.981,-0.004
-0.003,0.031,1.015,104.400,89.530,-153.730,0.008,0.981,-0.008
-0.019,0.039,1.007,104.530,89.530,-153.610,0.004,0.985,-0.004
-0.007,0.035,1.003,103.850,89.530,-154.290,0.004,0.989,-0.004
-0.027,0.046,1.007,106.450,89.480,-151.690,0.004,0.981,-0.008
-0.007,0.039,1.015,109.440,89.440,-148.730,0.008,0.973,-0.020
-0.027,0.039,1.007,110.560,89.430,-147.650,-0.004,0.985,-0.012
-0.003,0.031,1.019,111.960,89.420,-146.260,0.000,0.981,-0.008
-0.015,0.042,1.007,113.130,89.400,-144.960,0.004,0.985,-0.008
-0.011,0.042,1.003,114.670,89.360,-143.380,0.008,0.985,-0.008
-0.023,0.031,1.003,113.610,89.300,-144.410,0.008,0.978,-0.012
0.000,0.039,1.007,113.230,89.290,-144.780,0.004,0.981,-0.012
-0.011,0.035,1.011,111.250,89.220,-146.770,0.004,0.978,-0.012
-0.007,0.046,1.011,111.740,89.210,-146.260,0.012,0.974,-0.012
-0.023,0.023,1.007,112.200,89.250,-145.790,0.012,0.989,-0.016
-0.011,0.042,1.019,111.130,89.250,-146.890,0.004,0.985,-0.008
-0.011,0.027,1.003,116.410,89.280,-141.580,0.012,0.978,0.000
-0.023,0.042,0.992,116.020,89.280,-141.960,0.012,0.978,-0.004
-0.007,0.027,1.007,115.670,89.270,-142.310,0.012,0.978,-0.008
-0.019,0.042,1.003,115.340,89.280,-142.640,0.012,0.978,-0.012
-0.003,0.042,1.023,112.780,89.230,-145.300,0.008,0.978,-0.012
-0.023,0.050,1.003,111.610,89.280,-146.490,0.004,0.981,-0.012
-0.007,0.031,1.000,115.010,89.370,-143.070,0.008,0.989,-0.016
-0.015,0.042,1.019,114.960,89.370,-143.120,0.008,0.985,-0.012
-0.027,0.042,1.011,107.480,89.330,-150.590,0.008,0.974,-0.008
-0.003,0.027,1.015,104.030,89.370,-154.030,0.004,0.985,-0.020
-0.007,0.046,1.023,105.020,89.380,-153.030,0.008,0.985,-0.008
-0.015,0.042,1.011,104.390,89.380,-153.640,0.012,0.978,-0.008
-0.011,0.027,1.007,99.530,89.400,-158.440,0.000,0.985,-0.004
-0.015,0.042,1.007,102.230,89.410,-155.760,0.000,0.985,-0.004
-0.007,0.035,0.996,102.520,89.390,-155.400,0.004,0.985,-0.008
-0.019,0.042,1.007,103.760,89.390,-154.160,0.004,0.981,-0.004
-0.011,0.042,1.007,106.950,89.370,-150.940,0.004,0.974,-0.008
-0.019,0.031,1.007,106.050,89.390,-151.810,0.004,0.978,-0.008
-0.015,0.050,1.015,104.600,89.400,-153.260,0.004,0.981,-0.012
-0.023,0.031,1.007,103.140,89.410,-154.700,0.004,0.985,-0.016
-0.023,0.027,1.007,105.870,89.480,-151.990,0.004,0.989,-0.012
0.000,0.042,1.007,106.330,89.500,-151.480,0.008,0.985,0.000
-0.027,0.027,1.003,101.970,89.480,-155.810,0.004,0.981,-0.008
-0.007,0.042,1.023,103.170,89.480,-154.610,0.000,0.981,-0.004
-0.027,0.042,1.007,106.440,89.500,-151.350,0.004,0.978,0.004
-0.015,0.035,1.015,110.480,89.560,-147.310,0.004,0.985,-0.012
-0.011,0.042,1.019,108.420,89.540,-149.430,0.000,0.985,-0.004
-0.019,0.031,1.007,107.970,89.540,-149.880,0.000,0.981,-0.008
-0.007,0.046,1.015,115.790,89.570,-142.080,0.004,0.985,-0.008
-0.019,0.039,1.000,112.600,89.540,-145.300,0.000,0.978,-0.008
-0.003,0.035,1.011,118.150,89.560,-139.720,0.004,0.981,-0.012
-0.023,0.035,1.003,120.010,89.550,-137.870,0.004,0.981,-0.008
-0.007,0.039,1.011,109.880,89.500,-147.940,0.012,0.978,-0.016
-0.011,0.031,1.011,108.410,89.490,-149.420,0.008,0.985,-0.016
-0.015,0.039,1.007,107.260,89.490,-150.570,0.004,0.981,-0.008
-0.011,0.039,1.015,106.830,89.470,-151.020,0.004,0.981,-0.004
-0.011,0.039,1.003,107.560,89.500,-150.270,0.004,0.981,-0.008
-0.015,0.042,1.007,107.450,89.500,-150.380,0.004,0.985,-0.012
-0.011,0.050,1.000,106.840,89.490,-150.970,0.012,0.981,-0.004
-0.031,0.035,1.003,107.130,89.490,-150.680,0.012,0.981,-0.012
-0.007,0.031,1.015,106.040,89.460,-151.770,0.008,0.974,-0.016
-0.011,0.031,1.003,103.980,89.490,-153.790,0.000,0.981,-0.004
-0.011,0.046,1.007,106.580,89.510,-151.140,0.008,0.981,-0.004
-0.019,0.035,1.011,106.340,89.510,-151.360,0.004,0.985,-0.004
-0.011,0.050,1.011,99.710,89.500,-158.020,0.000,0.981,-0.012
-0.007,0.039,1.015,98.040,89.510,-159.710,0.000,0.981,-0.008
-0.023,0.039,1.000,98.350,89.560,-159.360,0.000,0.985,-0.012
-0.015,0.031,1.019,98.760,89.560,-158.950,0.000,0.981,-0.012
-0.007,0.050,1.011,82.630,89.540,-175.090,0.004,0.981,-0.004
-0.015,0.035,1.015,82.040,89.540,-175.670,0.004,0.981,-0.012
-0.019,0.042,1.015,81.500,89.550,-176.220,0.004,0.981,-0.012
-0.019,0.039,1.011,80.460,89.540,-177.250,0.004,0.985,-0.012
-0.007,0.035,1.027,76.060,89.550,178.350,-0.004,0.985,-0.008
-0.023,0.046,1.015,77.250,89.570,179.540,0.004,0.985,-0.004
-0.003,0.039,1.007,76.180,89.560,178.500,0.000,0.989,-0.012
-0.027,0.046,1.000,76.310,89.560,178.630,0.000,0.989,-0.012
-0.019,0.039,1.003,83.960,89.510,-173.770,0.000,0.978,-0.008
-0.019,0.042,1.011,84.390,89.480,-173.370,0.004,0.974,-0.016
-0.027,0.039,1.019,82.780,89.480,-174.970,-0.004,0.974,-0.012
-0.015,0.039,1.019,82.530,89.490,-175.210,-0.004,0.978,-0.016
-0.027,0.039,1.015,77.010,89.580,179.310,-0.004,0.985,-0.004
-0.015,0.042,1.011,74.440,89.590,176.750,0.000,0.989,-0.012
-0.031,0.031,0.992,73.980,89.550,176.270,-0.008,0.985,-0.004
-0.015,0.035,0.996,74.360,89.550,176.650,-0.008,0.985,-0.008
-0.031,0.039,1.003,70.110,89.530,172.420,-0.004,0.978,-0.012
-0.015,0.050,1.019,68.130,89.540,170.450,-0.008,0.981,-0.008
-0.031,0.027,1.015,66.190,89.560,168.520,-0.004,0.985,0.000
-0.015,0.046,1.027,64.310,89.590,166.650,-0.004,0.985,0.000
-0.031,0.039,1.007,53.110,89.590,155.450,-0.004,0.989,-0.004
-0.007,0.027,1.007,52.470,89.600,154.830,-0.004,0.985,-0.012
-0.023,0.046,1.003,52.440,89.630,154.800,-0.008,0.985,0.000
-0.027,0.035,1.000,54.170,89.630,156.540,-0.004,0.981,0.000
-0.015,0.042,1.011,58.080,89.710,160.510,0.000,0.974,-0.004
-0.042,0.035,1.003,54.300,89.670,156.720,-0.008,0.970,-0.004
-0.019,0.039,1.027,45.390,89.690,147.830,0.000,0.974,-0.012
-0.027,0.035,1.015,41.820,89.680,144.250,-0.004,0.981,-0.016
-0.027,0.035,1.015,22.310,89.660,124.760,-0.004,0.993,-0.012
-0.019,0.042,1.015,21.510,89.670,123.960,-0.004,0.989,0.008
-0.031,0.042,1.000,18.680,89.690,121.160,-0.004,0.989,-0.004
-0.019,0.027,1.007,20.480,89.700,122.950,-0.004,0.989,-0.004
-0.031,0.046,1.000,41.770,89.830,144.300,-0.004,0.974,-0.004
-0.027,0.039,1.000,39.570,89.810,142.100,-0.004,0.974,-0.004
-0.027,0.031,1.007,37.960,89.800,140.510,-0.008,0.974,0.000
-0.031,0.031,1.015,37.630,89.790,140.190,-0.004,0.978,0.004
-0.027,0.035,1.011,21.890,89.820,124.490,0.000,0.978,0.004
-0.023,0.039,1.007,12.460,89.800,115.070,0.000,0.981,-0.004
-0.019,0.035,1.003,14.400,89.770,116.990,-0.004,0.985,0.004
-0.031,0.035,1.000,12.400,89.770,114.990,-0.004,0.985,0.000
-0.031,0.027,1.003,17.240,89.750,119.870,-0.004,0.974,-0.008
-0.031,0.027,1.011,3.800,89.750,106.440,-0.004,0.974,0.004
-0.031,0.031,1.011,-4.060,89.680,98.620,-0.004,0.981,0.000
-0.031,0.023,1.027,-4.170,89.680,98.510,-0.004,0.981,0.004
-0.035,0.039,1.023,-17.510,89.560,85.200,-0.004,0.985,0.004
-0.031,0.031,1.015,-18.680,89.490,84.030,-0.012,0.993,0.004
-0.039,0.035,1.007,-18.410,89.460,84.310,-0.008,0.989,0.000
-0.023,0.039,1.000,-18.320,89.460,84.400,-0.008,0.993,0.000
-0.031,0.031,1.003,1.290,89.470,104.010,-0.008,0.974,-0.004
-0.031,0.046,1.007,1.750,89.460,104.460,-0.008,0.974,0.000
-0.031,0.031,1.000,1.830,89.460,104.540,-0.012,0.974,0.004
-0.031,0.042,1.011,1.540,89.460,104.250,-0.012,0.974,0.004
-0.039,0.046,1.019,2.800,89.370,105.490,-0.016,0.978,0.000
-0.023,0.027,1.015,1.310,89.330,104.030,-0.012,0.985,-0.012
-0.031,0.046,1.007,-3.090,89.320,99.590,-0.012,0.985,0.000
-0.031,0.035,1.000,-3.640,89.320,99.040,-0.012,0.985,0.004
-0.035,0.031,1.011,-5.150,89.310,97.550,-0.008,0.978,-0.004
-0.035,0.050,1.015,-5.800,89.270,96.900,-0.012,0.974,0.000
-0.031,0.023,1.019,-5.310,89.220,97.390,-0.012,0.981,-0.008
-0.042,0.050,1.023,-6.660,89.220,96.050,-0.020,0.981,-0.004
-0.031,0.039,1.015,-13.110,89.140,89.630,-0.016,0.985,-0.004
-0.039,0.039,1.015,-13.460,89.160,89.240,-0.016,0.985,-0.008
-0.031,0.035,1.007,-11.640,89.130,91.060,-0.020,0.989,0.000
-0.042,0.039,0.996,-11.410,89.140,91.300,-0.020,0.989,0.000
-0.035,0.035,1.000,-5.270,89.310,97.440,-0.012,0.966,0.000
-0.019,0.042,1.015,-6.010,89.310,96.690,-0.008,0.966,0.000
-0.031,0.035,1.015,-6.790,89.320,95.910,-0.008,0.961,0.008
-0.031,0.039,1.015,-7.630,89.320,95.060,-0.008,0.961,0.004
-0.039,0.050,1.011,-12.810,89.240,89.830,-0.012,0.981,0.012
-0.039,0.027,1.019,-10.300,89.180,92.290,-0.016,0.985,-0.004
-0.027,0.050,1.027,-13.550,89.160,89.010,-0.016,0.989,-0.004
-0.042,0.031,1.003,-14.820,89.160,87.740,-0.016,0.989,-0.004
-0.011,0.031,1.019,-14.000,89.160,88.580,-0.012,0.989,-0.004
-0.062,0.042,1.003,-9.340,89.230,93.220,-0.012,0.981,0.000
-0.031,0.039,0.988,-8.230,89.270,94.350,-0.012,0.978,0.000
-0.031,0.027,1.000,-7.980,89.260,94.590,-0.012,0.981,-0.008
-0.039,0.046,1.003,-4.910,89.310,97.680,-0.012,0.974,-0.004
-0.035,0.023,1.023,-2.840,89.280,99.800,-0.016,0.970,0.008
-0.031,0.050,1.019,-5.420,89.280,97.210,-0.008,0.970,0.004
-0.039,0.042,1.019,-5.880,89.270,96.750,-0.008,0.970,0.000
-0.039,0.050,1.015,-7.430,89.090,95.060,-0.020,0.989,-0.008
-0.027,0.050,1.015,-7.810,89.100,94.680,-0.024,0.989,-0.008
-0.035,0.039,1.007,-8.120,89.110,94.360,-0.020,0.989,-0.004
-0.039,0.039,1.003,-8.210,89.110,94.270,-0.020,0.989,0.000
-0.035,0.042,1.000,-2.470,89.150,100.030,-0.016,0.981,-0.004
-0.019,0.039,1.015,-0.070,89.190,102.420,-0.016,0.974,-0.004
-0.042,0.039,1.007,1.480,89.200,104.000,-0.012,0.981,-0.004
-0.031,0.039,1.019,1.090,89.220,103.610,-0.008,0.978,-0.004
-0.027,0.027,1.015,-0.050,89.250,102.490,-0.016,0.981,0.000
-0.027,0.035,1.007,-3.250,89.270,99.310,-0.012,0.985,0.000
-0.023,0.042,1.007,0.780,89.290,103.340,-0.012,0.978,0.008
-0.042,0.039,1.011,1.770,89.280,104.340,-0.012,0.985,0.000
-0.023,0.062,1.007,9.840,89.320,112.290,-0.004,0.981,-0.004
-0.031,0.027,1.007,16.700,89.270,119.000,-0.016,0.981,-0.012
-0.039,0.050,1.000,16.600,89.290,118.910,-0.008,0.981,-0.020
-0.015,0.035,1.007,17.030,89.300,119.350,-0.008,0.977,-0.020
-0.035,0.046,1.011,7.440,89.290,109.850,-0.012,0.981,-0.008
-0.035,0.054,1.011,6.140,89.290,108.580,-0.012,0.981,0.000
-0.031,0.035,1.015,4.930,89.280,107.390,-0.012,0.985,0.000
-0.035,0.039,1.019,3.870,89.260,106.350,-0.012,0.993,-0.004
-0.039,0.050,1.027,6.830,89.200,109.300,-0.020,0.989,-0.008
-0.035,0.035,1.003,6.100,89.190,108.600,-0.008,0.989,-0.004
-0.031,0.046,1.007,4.210,89.230,106.710,-0.016,0.989,0.004
-0.023,0.039,1.015,5.550,89.250,108.050,-0.016,0.985,0.000
-0.035,0.050,1.003,17.950,89.220,120.380,-0.016,0.974,0.000
-0.035,0.039,1.007,19.720,89.280,122.120,-0.012,0.978,-0.008
-0.023,0.042,1.011,19.140,89.300,121.530,-0.008,0.974,-0.004
-0.039,0.046,1.015,18.790,89.310,121.170,-0.012,0.974,-0.012
-0.019,0.027,1.015,16.110,89.280,118.490,-0.008,0.985,-0.016
-0.035,0.054,1.003,12.250,89.350,114.600,-0.012,0.989,0.000
-0.031,0.039,1.007,16.550,89.280,118.930,-0.004,0.981,-0.012
-0.031,0.042,1.003,16.910,89.260,119.300,-0.008,0.985,-0.008
-0.031,0.042,1.000,14.980,89.330,117.360,-0.004,0.974,-0.008
-0.023,0.050,1.015,14.820,89.320,117.210,-0.008,0.978,-0.004
-0.039,0.050,1.011,14.270,89.310,116.670,-0.008,0.978,-0.004
-0.027,0.035,1.007,13.540,89.300,115.940,-0.008,0.981,-0.004
-0.031,0.042,1.015,10.270,89.320,112.640,-0.012,0.981,0.000
-0.035,0.042,1.007,9.260,89.290,111.710,-0.008,0.985,-0.008
-0.027,0.031,1.011,10.800,89.280,113.250,-0.008,0.978,-0.004
-0.039,0.054,0.996,10.310,89.280,112.750,-0.012,0.981,-0.004
-0.035,0.027,1.007,10.410,89.290,112.880,-0.012,0.978,-0.008
-0.023,0.050,1.015,10.430,89.280,112.900,-0.012,0.974,-0.004
-0.039,0.042,1.015,7.990,89.240,110.490,-0.012,0.981,-0.008
-0.031,0.046,1.031,7.670,89.230,110.160,-0.016,0.981,-0.004
-0.039,0.042,1.015,0.760,89.190,103.270,-0.016,0.985,0.000
-0.042,0.035,1.003,1.710,89.160,104.230,-0.020,0.985,-0.008
-0.031,0.035,1.007,0.380,89.170,102.900,-0.020,0.981,-0.004
-0.046,0.039,1.011,-0.060,89.170,102.450,-0.016,0.981,-0.004
-0.027,0.035,1.015,-1.400,89.130,101.210,-0.012,0.985,-0.004
-0.042,0.050,1.011,-0.820,89.120,101.790,-0.012,0.985,-0.004
-0.031,0.039,1.011,-0.280,89.120,102.310,-0.016,0.985,0.000
-0.031,0.039,1.011,-0.080,89.120,102.510,-0.020,0.985,0.000
-0.039,0.042,1.003,-3.420,89.140,99.180,-0.012,0.985,-0.004
-0.023,0.039,1.003,-4.260,89.150,98.330,-0.016,0.985,-0.004
-0.039,0.046,1.007,-4.100,89.180,98.460,-0.012,0.978,-0.008
-0.035,0.039,1.000,-3.610,89.190,98.940,-0.012,0.978,-0.004
-0.023,0.023,1.015,-6.230,89.190,96.370,-0.012,0.981,-0.004
-0.062,0.031,1.015,-12.070,89.180,90.590,-0.016,0.970,-0.004
-0.035,0.027,1.023,-17.910,89.140,84.890,-0.012,0.978,0.004
-0.042,0.035,1.015,-19.640,89.120,83.180,-0.016,0.981,0.004
-0.039,0.039,1.003,-24.890,89.070,77.940,-0.016,0.985,0.004
-0.042,0.039,0.992,-24.360,89.080,78.440,-0.012,0.989,0.008
-0.031,0.031,1.007,-25.670,89.120,77.120,-0.016,0.981,0.008
-0.039,0.039,1.015,-25.880,89.130,76.920,-0.016,0.978,0.004
-0.039,0.046,1.019,-35.530,89.010,67.180,-0.020,0.985,0.004
-0.046,0.035,1.015,-34.430,89.010,68.260,-0.020,0.985,0.000
-0.042,0.039,1.007,-32.950,89.020,69.730,-0.020,0.985,0.008
-0.031,0.027,1.011,-31.460,89.030,71.200,-0.020,0.985,0.004
-0.042,0.035,1.007,-30.660,89.030,72.030,-0.020,0.985,0.008
-0.035,0.027,1.007,-31.510,89.030,71.260,-0.012,0.981,0.000
-0.046,0.027,1.000,-32.030,89.050,70.770,-0.012,0.981,0.012
-0.046,0.039,1.007,-32.200,89.050,70.610,-0.012,0.981,0.012
-0.035,0.035,1.003,-27.520,89.080,75.310,-0.012,0.974,0.000
-0.035,0.042,1.007,-28.430,89.090,74.370,-0.020,0.981,0.000
-0.039,0.023,1.007,-27.510,89.110,75.280,-0.016,0.981,0.004
-0.035,0.042,1.011,-27.010,89.110,75.790,-0.020,0.977,0.000
-0.046,0.031,1.011,-29.360,89.080,73.480,-0.020,0.981,0.004
-0.039,0.031,1.011,-30.630,89.070,72.250,-0.008,0.981,0.000
-0.035,0.027,1.011,-29.690,89.040,73.180,-0.020,0.985,0.008
-0.050,0.031,1.007,-30.130,89.050,72.740,-0.020,0.981,0.008
-0.042,0.039,1.011,-33.050,89.010,69.850,-0.020,0.981,0.004
-0.039,0.031,1.007,-32.500,89.010,70.390,-0.020,0.985,0.012
-0.042,0.031,1.019,-32.190,89.010,70.700,-0.024,0.981,0.016
-0.035,0.039,1.000,-32.120,89.010,70.770,-0.016,0.981,0.012
-0.046,0.023,0.996,-32.010,89.010,70.890,-0.020,0.985,0.004
-0.042,0.046,1.007,-31.360,89.030,71.510,-0.016,0.974,0.004
-0.039,0.039,1.015,-29.560,89.000,73.320,-0.012,0.974,0.008
-0.035,0.027,1.019,-30.390,88.990,72.490,-0.016,0.978,0.008
-0.046,0.039,1.000,-40.580,88.920,62.250,-0.016,0.981,0.008
-0.039,0.015,1.003,-37.790,88.890,65.100,-0.016,0.981,0.000
-0.042,0.031,0.992,-36.730,88.920,66.150,-0.012,0.966,0.012
-0.023,0.035,1.027,-36.540,88.930,66.330,-0.016,0.970,0.008
-0.062,0.031,1.007,-37.170,88.880,65.720,0.004,0.958,0.008
-0.011,0.050,1.027,-37.080,88.850,65.670,-0.020,0.977,0.008
-0.003,0.007,0.992,-36.550,89.100,66.010,-0.028,0.978,0.012
-0.023,0.042,1.007,-36.110,89.160,66.430,-0.020,0.977,0.012
-0.027,0.023,0.984,172.770,89.500,-84.690,0.008,0.966,0.000
-0.062,0.035,0.964,173.570,89.480,-83.900,0.012,0.966,0.000
0.039,0.031,1.023,175.530,89.480,-81.960,0.012,0.961,-0.004
-0.070,0.023,0.972,177.500,89.450,-80.010,0.012,0.978,-0.008
-0.003,0.050,1.015,178.300,-217.800,-274.780,17.567,8.921,-8.168
0.015,0.015,1.011,171.120,89.310,-86.250,0.028,0.978,-0.008
0.019,0.035,1.035,159.490,89.070,-97.840,0.008,0.961,0.004
-0.019,0.023,1.023,157.890,89.140,-99.440,0.016,0.974,-0.008
-0.046,0.023,1.011,149.560,89.510,-107.730,0.012,0.978,-0.004
0.015,0.031,1.039,162.390,89.660,-94.920,0.008,0.985,-0.008
-0.062,0.003,0.988,167.720,89.470,-89.680,0.008,0.993,0.004
0.007,0.027,1.031,-176.030,89.450,-73.480,0.016,0.989,0.000
-0.031,0.011,1.015,-171.890,89.460,-69.330,0.012,0.989,-0.004
-0.007,0.023,1.039,-154.770,89.480,-52.270,0.008,0.981,0.004
0.007,0.015,1.031,-156.740,89.330,-54.310,0.012,0.985,0.024
-0.019,0.027,1.019,-155.540,89.150,-53.230,0.012,0.993,0.012
-0.027,0.027,1.003,-154.690,89.140,-52.420,0.016,0.989,0.012
0.003,0.019,1.015,172.480,88.740,-85.640,0.016,0.985,0.004
-0.031,0.011,0.988,170.260,88.750,-87.870,0.016,0.981,0.000
0.007,0.023,1.019,168.340,88.740,-89.790,0.016,0.981,-0.004
0.027,0.015,1.031,166.670,88.710,-91.450,0.024,0.977,-0.004
-0.007,0.035,1.000,163.480,88.560,-94.630,0.035,0.974,0.000
0.015,0.007,1.042,167.590,88.500,-90.500,0.024,0.993,-0.008
-0.003,0.015,0.996,168.770,88.230,-89.360,0.039,0.978,0.004
0.031,0.023,1.042,169.890,88.250,-88.250,0.039,0.974,0.000
-0.011,0.019,1.007,171.260,88.260,-86.930,0.031,0.989,0.012
-0.019,0.015,1.011,174.860,88.580,-83.390,0.031,0.989,0.008
0.011,0.035,1.015,175.770,88.550,-82.510,0.020,0.985,0.000
0.003,0.007,1.011,175.330,88.580,-82.970,0.028,0.985,0.000
0.000,0.031,0.996,176.470,88.630,-81.820,0.035,0.981,0.000
0.003,0.023,1.039,176.250,88.620,-82.020,0.024,0.981,0.004
0.015,0.011,1.011,179.240,88.530,-78.970,0.031,0.969,-0.008
-0.019,0.023,0.996,179.540,88.530,-78.680,0.031,0.969,-0.008
0.011,0.015,1.015,173.150,88.580,-84.980,0.039,0.981,-0.012
-0.003,0.023,1.015,173.260,88.620,-84.880,0.035,0.985,-0.004
0.000,0.015,1.007,173.350,88.640,-84.810,0.031,0.989,0.004
-0.007,0.039,1.011,173.400,88.660,-84.770,0.028,0.985,0.004
0.007,0.015,1.011,173.840,88.650,-84.310,0.024,0.981,0.000
-0.007,0.015,1.011,179.330,88.630,-78.900,0.024,0.977,-0.004
0.000,0.023,1.015,-178.740,88.580,-76.960,0.024,0.977,0.000
0.000,0.023,1.003,-178.200,88.610,-76.420,0.028,0.978,-0.004
0.000,0.011,1.015,-176.180,88.590,-74.400,0.028,0.981,0.004
-0.015,0.015,1.007,-177.170,88.630,-75.440,0.020,0.981,0.004
0.000,0.003,1.011,-177.220,88.620,-75.430,0.028,0.985,0.004
-0.007,0.035,1.011,-177.310,88.620,-75.510,0.028,0.981,0.004
-0.011,0.015,0.996,-177.710,88.650,-75.910,0.024,0.985,0.016
0.000,0.019,1.015,-176.710,88.650,-74.950,0.028,0.974,-0.004
-0.007,-0.003,0.757,-177.920,88.720,-76.160,0.020,0.973,0.008
-0.011,0.039,1.207,-178.320,88.740,-76.560,0.020,0.973,0.004
-0.015,0.027,1.023,172.220,89.160,-85.970,0.020,0.981,-0.012
-0.019,0.031,1.003,172.420,89.200,-85.780,0.020,0.977,-0.008
-0.042,0.023,0.992,172.800,89.240,-85.410,0.016,0.978,-0.004
-0.011,0.042,1.035,173.140,89.290,-85.080,0.012,0.978,0.008
-0.042,0.039,1.011,141.190,89.530,-116.930,0.016,0.978,-0.008
-0.046,0.039,0.964,52.660,89.640,154.440,0.000,0.993,-0.004
-0.027,0.042,0.996,24.970,89.460,126.690,-0.024,0.981,-0.012
-0.035,0.050,1.023,25.830,89.440,127.590,-0.024,0.985,-0.012
-0.031,0.046,1.000,16.870,89.330,118.690,-0.008,0.974,0.000
-0.031,0.050,1.019,19.210,89.150,121.000,-0.020,0.985,-0.012
-0.046,0.050,1.007,19.560,89.110,121.390,-0.020,0.989,-0.020
-0.039,0.046,1.011,19.360,89.130,121.190,-0.012,0.978,-0.004
-0.035,0.046,1.035,20.680,89.060,122.730,-0.031,0.985,-0.016
-0.031,0.042,0.992,20.340,89.080,122.410,-0.016,0.981,-0.008
-0.027,0.042,1.003,20.790,89.030,122.870,-0.016,0.981,-0.008
-0.046,0.050,1.011,20.830,89.020,122.910,-0.016,0.981,-0.012
-0.050,0.074,0.992,21.980,88.890,124.450,-0.039,0.981,0.004
-0.062,0.058,1.003,21.610,88.930,123.970,-0.039,0.978,-0.004
-0.042,0.062,1.050,21.400,88.960,123.650,-0.008,0.978,-0.016
-0.058,0.062,0.968,21.270,88.980,123.470,0.059,0.962,0.012
-0.039,0.039,1.054,22.750,88.760,124.970,-0.035,0.989,-0.031
-0.027,0.042,0.988,22.020,88.820,124.300,-0.004,1.004,-0.031
-0.023,0.050,1.007,21.710,88.860,124.160,-0.059,1.004,-0.063
-0.039,0.066,1.019,21.690,88.880,124.130,-0.024,0.985,-0.016
-0.027,0.050,1.011,21.680,88.860,124.130,-0.012,0.981,-0.004
-0.027,0.054,1.007,21.310,88.870,123.750,-0.008,0.974,0.004
-0.039,0.062,1.027,20.950,88.890,123.390,0.000,0.974,0.000
-0.035,0.042,1.015,20.840,88.890,123.280,-0.004,0.974,0.008
-0.031,0.035,1.003,21.130,88.840,123.580,-0.008,0.978,0.004
-0.035,0.042,1.003,20.980,88.840,123.430,-0.004,0.974,0.004
-0.035,0.046,1.007,20.990,88.820,123.440,-0.020,0.977,-0.008
-0.035,0.054,1.007,20.900,88.830,123.350,-0.004,0.974,0.000
-0.035,0.054,1.015,20.540,88.790,122.990,-0.028,0.989,-0.020
-0.031,0.050,1.011,20.430,88.790,122.880,-0.020,0.985,-0.016
-0.035,0.050,1.011,20.340,88.800,122.790,-0.012,0.978,-0.004
-0.035,0.050,1.007,20.380,88.800,122.820,-0.012,0.978,-0.004
-0.035,0.050,1.003,20.650,88.780,123.090,-0.024,0.989,-0.020
-0.035,0.046,1.007,20.400,88.790,122.840,-0.024,0.985,-0.016
-0.039,0.054,1.003,20.180,88.790,122.620,-0.024,0.985,-0.020
-0.039,0.050,1.007,20.160,88.790,122.610,-0.020,0.985,-0.012
-0.035,0.050,1.015,20.520,88.780,122.970,-0.024,0.985,-0.016
-0.039,0.050,1.007,20.490,88.780,122.940,-0.024,0.985,-0.016
-0.039,0.046,1.007,20.490,88.770,122.940,-0.020,0.981,-0.016
-0.035,0.054,1.007,20.470,88.770,122.930,-0.024,0.977,-0.012
-0.031,0.050,1.007,20.550,88.770,123.000,-0.020,0.981,-0.012
-0.039,0.050,1.007,20.180,88.770,122.640,-0.024,0.981,-0.012
-0.031,0.050,1.011,20.230,88.760,122.680,-0.020,0.981,-0.012
-0.039,0.054,1.007,20.270,88.760,122.720,-0.016,0.978,-0.012
-0.035,0.046,1.007,20.560,88.760,123.020,-0.016,0.981,-0.008
-0.035,0.050,1.007,20.580,88.760,123.030,-0.020,0.981,-0.012
-0.035,0.050,1.011,20.560,88.760,123.010,-0.016,0.985,-0.012
-0.035,0.050,1.007,20.540,88.760,122.990,-0.020,0.981,-0.012
-0.035,0.050,1.007,20.640,88.750,123.090,-0.020,0.981,-0.012
-0.035,0.054,1.011,20.580,88.750,123.030,-0.020,0.981,-0.012
-0.035,0.054,1.011,20.460,88.750,122.910,-0.020,0.977,-0.012
-0.035,0.050,1.011,20.490,88.750,122.940,-0.020,0.981,-0.012
-0.035,0.050,1.007,19.960,88.750,122.410,-0.020,0.981,-0.012
-0.035,0.050,1.011,19.720,88.740,122.170,-0.020,0.977,-0.008
-0.035,0.054,1.011,19.420,88.740,121.870,-0.016,0.981,-0.012
-0.035,0.050,1.007,19.350,88.740,121.800,-0.020,0.981,-0.012
-0.039,0.054,1.015,19.170,88.740,121.610,-0.016,0.978,-0.012
-0.035,0.050,1.011,19.050,88.740,121.490,-0.020,0.981,-0.012
-0.039,0.050,1.011,19.040,88.740,121.480,-0.016,0.981,-0.012
-0.035,0.046,1.011,19.030,88.740,121.480,-0.020,0.977,-0.012
-0.035,0.050,1.011,19.000,88.740,121.450,-0.020,0.981,-0.012
-0.035,0.050,1.011,19.000,88.740,121.440,-0.016,0.985,-0.016
-0.035,0.050,1.019,19.000,88.740,121.440,-0.016,0.981,-0.012
-0.035,0.050,1.011,19.000,88.740,121.440,-0.016,0.985,-0.012
-0.039,0.050,1.007,18.990,88.740,121.430,-0.020,0.981,-0.012
-0.031,0.050,1.007,18.980,88.740,121.420,-0.020,0.981,-0.012
-0.035,0.050,1.011,18.970,88.740,121.420,-0.020,0.981,-0.012
-0.039,0.050,1.011,18.970,88.740,121.420,-0.016,0.981,-0.012
-0.031,0.050,1.015,18.960,88.740,121.410,-0.016,0.981,-0.016
-0.035,0.050,1.007,18.960,88.740,121.400,-0.020,0.981,-0.008
-0.039,0.050,1.007,18.950,88.740,121.400,-0.020,0.985,-0.012
-0.035,0.050,1.003,18.950,88.740,121.400,-0.020,0.981,-0.012
-0.035,0.054,1.011,18.950,88.740,121.390,-0.020,0.977,-0.012
-0.039,0.054,1.007,18.940,88.740,121.390,-0.020,0.981,-0.012
-0.035,0.050,1.011,18.940,88.740,121.380,-0.020,0.981,-0.008
-0.039,0.050,1.011,18.940,88.740,121.380,-0.016,0.981,-0.008
-0.039,0.050,1.011,18.930,88.750,121.370,-0.016,0.981,-0.012
-0.039,0.050,1.007,18.920,88.750,121.370,-0.016,0.981,-0.012
-0.031,0.054,1.019,18.920,88.750,121.370,-0.020,0.981,-0.016
-0.035,0.050,1.011,18.920,88.750,121.370,-0.020,0.985,-0.012
-0.039,0.050,1.007,18.920,88.750,121.360,-0.020,0.981,-0.012
-0.035,0.050,1.011,18.920,88.750,121.360,-0.020,0.981,-0.012
-0.035,0.050,1.015,18.920,88.750,121.360,-0.016,0.981,-0.012
-0.035,0.050,1.011,18.920,88.750,121.360,-0.020,0.977,-0.012
-0.035,0.054,1.007,18.910,88.750,121.360,-0.016,0.981,-0.012
-0.035,0.050,1.011,18.910,88.750,121.350,-0.020,0.985,-0.016
-0.035,0.050,1.003,18.910,88.750,121.350,-0.020,0.977,-0.012
-0.035,0.050,1.011,18.910,88.750,121.350,-0.020,0.981,-0.012
-0.035,0.054,1.011,18.910,88.750,121.350,-0.016,0.981,-0.012
-0.035,0.050,1.007,18.900,88.750,121.350,-0.016,0.981,-0.012
-0.035,0.050,1.007,18.900,88.750,121.350,-0.020,0.985,-0.012
-0.035,0.054,1.011,18.900,88.750,121.350,-0.016,0.978,-0.012
-0.035,0.050,1.015,18.860,88.750,121.310,-0.020,0.981,-0.012
-0.039,0.054,1.000,18.830,88.750,121.270,-0.016,0.985,-0.012
-0.035,0.046,1.003,18.790,88.750,121.230,-0.020,0.981,-0.012
-0.035,0.050,1.011,18.750,88.750,121.200,-0.020,0.977,-0.012
-0.031,0.050,1.011,18.690,88.750,121.130,-0.020,0.981,-0.008
-0.035,0.054,1.011,18.700,88.750,121.140,-0.020,0.985,-0.012
-0.035,0.050,1.011,18.710,88.750,121.160,-0.020,0.981,-0.012
-0.039,0.054,1.011,18.710,88.750,121.160,-0.020,0.981,-0.012
-0.031,0.050,1.007,18.730,88.750,121.180,-0.016,0.985,-0.012
-0.035,0.050,1.011,18.740,88.750,121.180,-0.016,0.981,-0.012
-0.035,0.054,1.011,18.750,88.750,121.190,-0.020,0.981,-0.012
-0.035,0.050,1.011,18.750,88.750,121.200,-0.020,0.981,-0.012
-0.035,0.050,1.011,18.760,88.750,121.210,-0.020,0.981,-0.012
-0.039,0.050,1.007,18.770,88.750,121.220,-0.020,0.985,-0.012
-0.035,0.050,1.011,18.780,88.750,121.220,-0.020,0.981,-0.008
-0.035,0.046,1.003,18.780,88.750,121.220,-0.016,0.981,-0.012
-0.035,0.050,1.007,18.590,88.740,121.040,-0.024,0.981,-0.012
-0.035,0.050,1.007,18.580,88.740,121.030,-0.020,0.981,-0.008
-0.035,0.054,1.003,18.570,88.740,121.020,-0.020,0.981,-0.012
-0.035,0.054,1.003,18.570,88.740,121.010,-0.016,0.981,-0.012
-0.035,0.050,1.003,18.490,88.740,120.940,-0.020,0.985,-0.012
-0.039,0.050,1.007,18.450,88.730,120.890,-0.020,0.981,-0.012
-0.035,0.050,1.011,18.410,88.730,120.850,-0.016,0.981,-0.008
-0.035,0.050,1.007,18.400,88.730,120.850,-0.020,0.985,-0.012
-0.039,0.050,1.011,18.450,88.730,120.900,-0.016,0.985,-0.012
-0.035,0.050,1.011,18.480,88.740,120.920,-0.020,0.981,-0.012
-0.039,0.046,1.007,18.500,88.740,120.950,-0.020,0.981,-0.012
-0.031,0.054,1.007,18.510,88.740,120.950,-0.020,0.981,-0.012
-0.035,0.050,1.007,18.550,88.740,120.990,-0.020,0.981,-0.008
-0.035,0.050,1.011,18.570,88.740,121.010,-0.020,0.981,-0.012
-0.035,0.050,1.007,18.490,88.740,120.930,-0.020,0.981,-0.012
-0.035,0.046,1.007,18.490,88.740,120.940,-0.020,0.981,-0.012
-0.039,0.050,1.007,18.580,88.740,121.020,-0.020,0.985,-0.012
-0.035,0.050,1.011,18.580,88.740,121.030,-0.020,0.981,-0.012
-0.039,0.054,1.011,18.590,88.740,121.030,-0.020,0.981,-0.012
-0.035,0.050,1.003,18.590,88.740,121.040,-0.016,0.981,-0.012
-0.027,0.050,1.019,18.610,88.740,121.050,-0.020,0.981,-0.012
-0.035,0.046,1.011,18.560,88.740,121.000,-0.016,0.981,-0.012
-0.035,0.050,1.011,18.510,88.740,120.950,-0.020,0.981,-0.012
-0.039,0.046,1.007,18.500,88.740,120.950,-0.020,0.985,-0.012
-0.035,0.050,1.011,18.430,88.730,120.870,-0.020,0.977,-0.008
-0.035,0.050,1.007,18.390,88.730,120.830,-0.020,0.985,-0.016
-0.035,0.054,1.011,18.350,88.730,120.800,-0.016,0.981,-0.012
-0.031,0.050,1.011,18.350,88.730,120.790,-0.020,0.977,-0.008
-0.035,0.046,1.015,18.290,88.730,120.730,-0.016,0.985,-0.012
-0.035,0.050,1.007,18.260,88.730,120.700,-0.020,0.981,-0.012
-0.039,0.054,1.019,18.230,88.730,120.670,-0.020,0.977,-0.012
-0.039,0.054,1.003,18.220,88.730,120.670,-0.016,0.981,-0.012
-0.039,0.050,1.007,18.260,88.730,120.700,-0.016,0.981,-0.012
-0.035,0.050,1.015,18.270,88.730,120.710,-0.020,0.977,-0.008
-0.035,0.050,1.015,18.270,88.730,120.720,-0.020,0.985,-0.012
-0.039,0.054,1.007,18.280,88.730,120.730,-0.016,0.985,-0.012
-0.035,0.050,1.011,18.340,88.730,120.780,-0.020,0.981,-0.012
-0.035,0.054,1.015,18.370,88.730,120.820,-0.020,0.981,-0.012
-0.039,0.050,1.011,18.400,88.730,120.850,-0.020,0.981,-0.012
-0.035,0.054,1.007,18.410,88.730,120.850,-0.020,0.985,-0.012
-0.035,0.050,1.011,18.420,88.730,120.860,-0.016,0.981,-0.012
-0.039,0.050,1.015,18.380,88.730,120.820,-0.016,0.981,-0.012
-0.039,0.050,1.003,18.370,88.730,120.820,-0.016,0.981,-0.008
-0.031,0.046,1.003,18.380,88.730,120.820,-0.016,0.981,-0.016
-0.042,0.058,1.027,18.430,88.730,120.880,-0.024,0.981,-0.012
-0.042,0.050,1.015,18.140,88.780,120.590,-0.008,0.978,-0.004
-0.035,0.042,1.011,18.980,88.700,121.430,-0.035,0.989,-0.024
-0.039,0.050,1.003,19.040,88.690,121.480,-0.047,1.000,-0.055
-0.035,0.050,1.023,18.420,88.730,120.870,0.020,0.965,0.028
-0.039,0.050,1.003,18.760,88.700,121.210,-0.008,0.978,0.004
-0.039,0.050,1.015,19.080,88.680,121.520,-0.031,0.989,-0.031
-0.039,0.054,1.011,19.210,88.680,121.660,-0.028,0.989,-0.028
-0.031,0.046,1.003,19.000,88.710,121.470,-0.020,0.981,-0.016
-0.035,0.054,1.011,19.170,88.720,121.640,-0.024,0.981,-0.012
-0.023,0.046,1.007,19.270,88.740,121.760,-0.008,0.981,-0.004
-0.042,0.058,1.011,19.260,88.740,121.780,0.000,0.978,-0.004
-0.039,0.050,1.015,19.640,88.710,122.390,-0.016,0.981,-0.016
-0.035,0.054,1.011,19.470,88.750,122.500,-0.039,0.981,-0.012
-0.039,0.054,1.007,20.450,88.680,123.530,-0.016,0.978,-0.012
-0.035,0.054,1.019,20.440,88.680,123.540,-0.016,0.981,-0.012
-0.035,0.054,1.015,20.610,88.650,123.760,-0.012,0.981,-0.008
-0.035,0.054,1.015,20.560,88.660,123.760,-0.031,0.981,-0.024
-0.035,0.050,1.015,19.250,88.790,122.440,0.008,0.970,0.016
-0.039,0.062,1.011,19.340,88.780,122.530,-0.012,0.981,-0.012
-0.035,0.027,1.003,19.200,88.770,122.250,-0.016,0.978,0.000
-0.035,0.054,1.007,19.200,88.760,122.220,-0.024,0.981,-0.008
-0.050,0.035,1.007,19.220,88.750,122.190,-0.031,0.985,-0.012
-0.046,0.015,1.007,19.150,88.750,122.060,-0.039,0.985,-0.020
-0.046,0.066,1.007,18.200,88.800,120.800,-0.024,0.977,-0.004
0.007,-0.007,1.093,18.230,88.740,120.450,-0.028,0.993,0.012
-0.039,0.097,1.082,14.160,88.980,116.100,-0.008,0.993,-0.028
-0.039,0.058,1.132,11.620,89.000,113.510,-0.016,0.997,-0.031
-0.042,0.054,1.027,-52.690,89.140,48.750,-0.012,1.008,-0.031
0.000,0.019,1.035,-100.090,88.790,0.940,-0.004,1.004,0.031
-0.019,0.027,1.023,-109.480,88.810,-8.740,0.008,1.005,0.004
-0.011,0.019,1.000,-110.440,88.900,-9.710,0.008,1.005,-0.004
-0.007,0.011,1.023,-135.430,89.580,-34.700,0.012,0.993,0.000
-0.011,0.003,1.000,152.020,89.740,-107.430,0.020,0.985,-0.012
0.003,0.027,1.007,96.900,89.720,-162.620,0.008,0.989,0.000
-0.019,0.011,0.972,106.000,89.730,-153.520,0.008,0.989,-0.008
0.046,0.011,0.992,171.600,87.220,-87.510,0.063,0.949,0.000
0.011,0.070,0.988,170.570,87.160,-88.560,0.063,0.949,-0.008
-0.058,0.054,0.988,169.490,87.090,-89.670,0.067,0.942,-0.012
-0.003,0.011,1.007,168.520,87.040,-90.670,0.067,0.949,-0.012
0.039,-0.058,1.035,147.880,87.950,-111.720,0.024,0.950,-0.012
0.003,0.019,0.996,106.940,88.470,-152.420,0.004,0.985,-0.020
-0.054,0.070,0.988,88.470,88.490,-170.740,-0.004,0.996,-0.016
-0.011,0.019,1.007,92.670,88.560,-166.560,0.000,0.996,-0.004
0.015,0.015,1.019,-168.650,87.370,-68.150,0.047,0.957,0.043
-0.023,-0.003,0.988,-162.780,87.470,-62.130,0.051,0.954,0.012
0.015,-0.027,1.015,-162.750,88.800,-61.850,0.024,0.985,0.031
-0.070,0.089,1.003,-165.360,89.100,-64.430,0.020,0.978,0.020
-0.085,0.097,1.042,30.290,88.490,131.300,-0.004,0.978,-0.008
-0.046,0.074,1.011,19.160,88.600,119.870,-0.016,0.978,-0.008
-0.062,0.015,1.003,7.120,88.610,107.220,-0.031,0.993,0.000
-0.027,0.128,1.140,7.730,88.480,107.740,-0.031,1.001,0.000
-0.156,0.117,0.968,34.120,87.210,133.330,-0.039,0.985,-0.020
0.031,0.007,1.011,38.690,87.210,138.040,-0.035,0.981,-0.020
-0.019,-0.019,0.964,41.780,87.170,141.340,-0.028,0.985,-0.043
0.027,0.066,1.019,44.050,87.110,143.880,-0.024,0.985,-0.055
-0.035,0.117,1.011,78.730,87.610,-179.990,0.043,0.978,-0.059
-0.035,0.074,1.039,121.290,88.740,-138.000,0.043,0.969,-0.012
0.003,-0.003,1.003,159.770,88.390,-100.720,0.035,0.974,0.004
0.027,-0.007,0.992,159.350,88.470,-101.350,0.039,0.981,-0.004
-0.003,0.070,1.000,79.170,88.160,178.330,-0.004,0.989,-0.024
-0.031,0.085,1.031,71.210,87.920,170.460,0.004,0.973,-0.031
-0.027,0.105,1.027,105.970,88.860,-155.090,0.016,0.961,0.000
0.015,0.019,1.039,121.230,88.960,-139.900,0.024,0.962,-0.008
0.015,-0.050,1.000,141.780,89.090,-119.370,0.020,0.993,-0.012
0.003,0.027,1.003,68.640,88.270,167.790,-0.004,0.996,-0.039
-0.046,0.195,1.031,57.780,86.800,157.100,-0.024,1.001,-0.035
-0.074,0.097,1.015,58.290,86.720,157.580,-0.020,1.000,-0.043
0.023,-0.007,1.003,87.710,87.980,-173.460,0.004,0.989,-0.035
0.019,-0.011,0.984,81.200,87.750,-179.840,0.000,0.985,-0.043
-0.015,0.078,0.984,76.890,87.550,175.960,0.000,0.981,-0.051
-0.023,0.082,1.019,73.990,87.380,173.140,-0.008,0.981,-0.063
0.007,0.062,1.050,89.980,88.140,-171.040,0.012,0.950,-0.043
-0.003,0.054,1.042,139.990,88.880,-121.180,0.016,0.974,-0.016
-0.007,-0.050,1.003,164.660,88.930,-96.290,0.028,0.996,0.008
0.042,-0.042,0.957,165.020,89.020,-95.840,0.028,1.005,0.000
-0.066,0.230,1.023,79.510,88.430,178.990,0.000,0.981,-0.016
-0.042,0.054,1.023,100.790,88.590,-159.860,-0.016,0.974,-0.051
0.046,-0.066,1.007,-164.510,86.240,-65.940,0.063,0.945,0.000
0.031,-0.031,0.976,-161.270,85.810,-62.830,0.067,0.942,0.012
0.000,-0.046,0.972,170.260,88.130,-90.290,0.047,0.985,0.004
-0.007,0.101,1.019,112.300,88.410,-147.600,0.035,0.970,-0.016
-0.023,0.156,1.058,104.390,88.240,-155.710,0.028,0.954,-0.012
-0.007,0.058,1.058,107.610,88.310,-152.560,0.028,0.958,-0.008
0.027,-0.042,1.015,57.360,86.690,157.750,-0.016,0.997,-0.043
-0.015,0.101,0.992,57.230,86.560,157.680,-0.024,1.004,-0.039
-0.070,0.191,1.039,57.970,86.580,158.440,-0.020,1.001,-0.047
-0.015,0.023,1.031,59.880,86.750,160.340,-0.016,0.996,-0.055
0.058,-0.062,1.003,158.880,88.510,-101.600,0.024,0.962,-0.012
0.011,0.007,0.976,118.790,88.600,-141.510,0.004,1.000,0.000
-0.003,0.175,1.027,78.470,87.570,178.790,0.000,0.989,-0.028
-0.031,0.058,1.011,77.870,87.460,178.250,-0.004,0.985,-0.031
0.113,-0.011,0.996,151.090,87.400,-109.510,0.047,0.962,-0.020
0.023,0.050,0.953,153.420,86.770,-107.150,0.043,0.989,-0.012
0.000,0.144,1.015,130.390,86.300,-129.570,0.071,0.977,-0.067
-0.027,0.101,1.011,126.330,86.320,-133.560,0.067,0.970,-0.067
0.082,-0.054,1.058,120.090,86.710,-139.770,0.043,0.957,-0.055
-0.007,0.085,0.992,97.990,86.810,-161.530,0.016,0.981,-0.039
-0.062,0.246,1.027,69.920,85.660,170.960,0.000,1.009,-0.063
-0.015,0.023,1.011,66.080,85.410,167.190,-0.020,1.013,-0.051
0.132,-0.054,0.992,70.530,85.700,171.590,-0.012,1.008,-0.071
-0.058,0.234,1.007,73.410,85.970,174.420,0.004,0.966,-0.102
-0.003,0.097,1.035,78.550,86.320,179.480,0.012,0.974,-0.086
0.066,-0.031,1.007,86.030,86.690,-173.180,0.012,0.974,-0.086
0.082,0.070,1.011,108.080,87.170,-151.790,0.020,0.993,-0.035
-0.027,0.183,1.015,87.080,86.330,-172.130,0.020,0.997,-0.055
0.019,0.109,1.031,90.760,86.280,-168.500,0.024,0.997,-0.063
0.027,0.089,0.996,95.390,86.390,-164.010,0.028,0.958,-0.090
0.027,0.121,1.003,108.920,86.250,-151.020,0.024,0.978,-0.043
0.027,0.066,1.011,93.120,85.550,-166.280,0.028,0.985,-0.086
0.042,0.011,1.000,78.860,84.640,179.490,0.008,0.973,-0.082
-0.046,0.179,1.007,76.320,84.460,176.940,0.004,0.970,-0.090
-0.031,0.195,1.011,65.900,83.370,166.520,-0.035,1.005,-0.098
0.050,0.121,1.035,77.930,85.080,178.080,-0.031,0.969,-0.102
0.019,0.093,0.992,103.070,86.510,-157.130,0.024,0.965,-0.047
0.011,0.039,0.972,105.700,86.560,-154.470,0.028,0.962,-0.043
0.003,0.066,0.964,66.660,83.480,167.070,-0.039,0.969,-0.117
-0.011,0.253,1.066,68.710,83.930,169.050,-0.035,0.965,-0.117
-0.015,0.148,1.035,71.380,84.440,171.660,-0.028,0.974,-0.106
0.027,0.089,1.000,74.400,84.960,174.600,-0.016,0.970,-0.106
0.019,0.039,0.980,84.260,86.150,-175.520,0.004,1.005,-0.063
0.035,0.054,0.992,70.530,84.680,171.270,-0.004,0.996,-0.094
0.000,0.187,1.058,64.520,83.280,165.350,-0.028,0.969,-0.110
0.007,0.113,1.035,64.050,83.180,164.870,-0.031,0.973,-0.102
0.066,0.027,1.011,94.360,86.070,-164.960,-0.008,0.985,-0.078
0.062,0.007,0.953,130.150,86.150,-128.920,0.047,0.996,-0.047
-0.015,0.074,0.894,137.110,85.220,-121.470,0.086,0.985,-0.039
0.078,0.085,1.011,136.310,85.040,-122.180,0.098,0.997,-0.043
-0.035,0.074,0.996,131.970,84.540,-126.820,0.106,0.927,-0.067
0.082,0.035,1.105,120.940,85.920,-138.280,0.059,0.946,-0.047
-0.003,0.089,1.050,96.940,86.690,-162.430,0.024,0.957,-0.051
-0.082,0.113,0.964,90.490,86.750,-168.900,0.016,0.970,-0.055
0.015,0.093,0.980,102.550,86.630,-156.840,0.035,0.954,-0.055
0.015,0.058,1.003,100.520,86.570,-158.900,0.035,0.958,-0.063
0.039,-0.027,1.050,97.910,86.510,-161.550,0.035,0.954,-0.067
-0.058,0.187,0.992,94.550,86.450,-164.980,0.031,0.949,-0.078
-0.007,0.132,1.050,71.780,86.420,171.980,-0.031,1.008,-0.055
0.011,-0.015,1.007,104.900,87.490,-154.960,0.024,0.989,-0.059
0.054,-0.128,0.988,121.820,88.000,-137.990,0.024,0.981,-0.020
-0.027,0.140,1.007,115.650,87.990,-144.060,0.024,0.981,-0.008
-0.035,0.218,1.097,71.830,86.430,172.990,-0.008,1.001,-0.043
0.003,0.019,1.011,118.290,88.120,-141.060,0.024,0.957,-0.055
0.066,-0.078,0.976,-177.860,87.270,-77.700,0.031,0.981,0.016
0.062,-0.089,0.949,-177.920,87.200,-77.720,0.035,0.985,0.024
-0.019,0.144,1.011,91.030,87.060,-167.080,0.031,0.973,-0.028
-0.003,0.171,1.089,84.160,86.550,-173.800,0.020,0.966,-0.043
0.003,0.113,1.042,141.690,87.520,-117.180,0.035,0.945,-0.039
0.019,0.007,1.011,157.290,87.300,-101.770,0.047,0.950,-0.024
0.074,-0.062,0.980,81.100,85.340,-176.000,0.028,0.993,-0.082
0.011,0.007,0.964,80.370,85.230,-176.600,0.016,0.989,-0.090
-0.019,0.171,1.070,80.740,85.230,-176.140,0.020,0.981,-0.074
0.007,0.199,1.078,82.350,85.350,-174.510,0.012,0.993,-0.071
-0.003,0.023,1.050,161.270,86.720,-96.840,0.047,0.978,-0.008
0.023,-0.042,0.968,-178.920,86.190,-77.190,0.059,1.000,0.020
0.074,-0.109,0.941,142.490,87.190,-114.830,0.039,1.000,-0.004
0.011,0.101,0.976,127.930,87.160,-129.140,0.028,1.005,-0.008
0.007,0.128,1.066,79.550,84.700,-175.990,0.020,0.961,-0.071
0.046,0.125,1.062,101.310,86.140,-154.830,0.035,0.941,-0.071
0.035,0.039,1.046,156.340,86.820,-100.820,0.043,0.973,-0.008
0.035,-0.031,0.968,163.170,86.700,-94.120,0.035,0.978,0.004
0.078,-0.125,0.953,155.210,86.960,-101.720,0.055,1.000,-0.012
0.054,0.125,0.988,115.180,86.570,-141.320,0.051,0.978,-0.039
-0.007,0.195,1.085,101.680,86.150,-154.870,0.020,0.989,-0.055
0.031,-0.050,1.031,105.210,86.280,-151.450,0.020,0.978,-0.071
0.085,-0.082,1.000,159.930,86.530,-96.770,0.078,0.989,-0.008
0.035,-0.089,0.957,155.810,86.560,-100.800,0.078,0.977,-0.008
-0.011,0.039,1.003,152.790,86.540,-103.790,0.074,0.974,-0.008
0.027,0.062,1.062,150.910,86.510,-105.670,0.071,0.969,-0.008
0.031,0.031,1.066,178.790,85.260,-78.750,0.067,0.954,0.016
0.035,-0.023,1.027,-165.170,83.930,-62.990,0.082,0.977,0.039
0.046,-0.164,0.953,-163.700,83.930,-61.230,0.094,1.001,0.059
0.050,-0.105,0.941,-165.080,84.130,-62.490,0.094,1.005,0.063
0.015,0.128,1.003,141.760,86.760,-114.650,0.059,0.977,-0.008
0.007,0.140,1.105,141.860,86.740,-114.810,0.055,0.962,-0.043
0.011,-0.003,1.054,-172.050,84.760,-69.670,0.074,0.942,0.004
0.042,-0.070,1.003,-166.760,84.170,-64.570,0.086,0.926,0.020
0.042,-0.128,0.933,-164.620,84.750,-62.190,0.074,1.005,0.067
0.011,0.000,0.972,153.600,87.180,-102.950,0.059,0.997,-0.008
0.011,0.097,1.015,107.420,86.740,-148.700,0.043,0.973,-0.039
0.007,0.105,1.082,105.610,86.640,-150.530,0.035,0.965,-0.043
0.015,-0.027,1.039,-170.820,85.770,-68.000,0.074,1.000,0.051
0.082,-0.140,0.980,-174.780,86.110,-71.820,0.071,1.000,0.043
0.007,-0.046,0.976,-179.580,86.430,-76.500,0.071,0.993,0.035
0.007,0.132,1.054,175.180,86.720,-81.630,0.067,0.993,0.024
-0.003,0.039,1.050,177.540,86.430,-79.540,0.059,0.962,-0.004
0.062,0.000,1.050,-161.600,84.300,-59.440,0.074,0.961,0.028
0.031,-0.074,0.957,-159.040,84.060,-56.870,0.067,0.993,0.074
0.046,-0.144,0.945,-160.360,84.300,-58.070,0.074,0.996,0.067
0.015,0.066,0.984,150.780,86.950,-105.710,0.059,0.969,0.000
0.000,0.156,1.062,127.860,86.930,-128.550,0.051,0.962,-0.024
0.015,0.050,1.070,165.110,86.340,-91.820,0.059,0.945,-0.024
0.035,-0.066,0.992,173.640,85.970,-83.450,0.063,0.941,-0.020
0.066,-0.140,0.949,-169.550,85.030,-66.930,0.071,1.009,0.043
0.023,-0.003,0.960,156.920,86.760,-99.480,0.067,0.993,0.008
-0.003,0.195,1.085,113.640,86.740,-142.170,0.047,0.970,-0.028
0.003,0.066,1.062,111.650,86.680,-144.150,0.047,0.973,-0.031
0.046,-0.039,1.027,166.860,86.830,-89.710,0.059,1.008,0.016
0.058,-0.121,0.953,158.660,87.020,-97.750,0.059,0.989,0.000
0.019,-0.007,0.960,150.130,87.130,-106.150,0.055,0.985,0.000
0.007,0.148,1.062,142.310,87.160,-113.850,0.055,0.985,-0.008
0.003,0.093,1.082,156.340,86.760,-100.190,0.055,0.942,-0.028
0.046,-0.007,1.039,-169.310,84.960,-66.660,0.067,0.962,0.024
0.046,-0.062,0.968,-164.950,84.690,-62.400,0.067,1.000,0.055
0.035,-0.105,0.937,-166.880,84.970,-64.220,0.071,1.008,0.047
0.023,0.101,0.996,120.240,86.730,-135.820,0.051,0.977,-0.043
0.007,0.183,1.082,105.440,86.110,-150.590,0.039,0.958,-0.051
0.023,0.058,1.074,142.120,86.600,-114.500,0.051,0.945,-0.074
0.035,-0.046,0.996,154.570,86.460,-102.230,0.051,0.953,-0.059
0.066,-0.093,0.925,177.220,85.820,-80.070,0.067,1.013,0.024
0.035,0.011,0.976,134.680,86.570,-121.810,0.059,1.004,-0.008
-0.019,0.203,1.054,104.240,85.700,-151.820,0.051,0.961,-0.055
0.031,0.085,1.082,103.070,85.600,-153.000,0.051,0.961,-0.063
0.035,-0.039,1.003,143.430,86.380,-113.280,0.063,0.996,-0.004
0.074,-0.093,0.957,137.000,86.360,-119.590,0.063,0.989,-0.012
0.027,0.039,0.968,131.550,86.310,-124.940,0.067,0.989,-0.024
0.015,0.148,1.046,127.240,86.250,-129.190,0.067,0.978,-0.035
0.046,0.074,1.074,151.260,85.960,-105.830,0.059,0.954,-0.043
0.039,0.000,1.027,-177.750,84.560,-75.550,0.078,0.962,0.012
0.054,-0.062,0.949,-173.980,84.540,-71.680,0.082,0.993,0.020
0.062,-0.093,0.937,-176.310,84.750,-73.900,0.082,0.997,0.016
0.015,0.085,1.003,125.770,85.920,-130.680,0.067,0.962,-0.043
0.011,0.144,1.078,113.360,85.520,-143.050,0.047,0.954,-0.055
0.027,0.046,1.062,143.280,85.870,-113.720,0.063,0.949,-0.051
0.082,-0.046,1.007,152.050,85.800,-105.100,0.063,0.961,-0.035
0.062,-0.078,0.957,177.250,85.340,-80.170,0.071,1.008,0.004
0.015,0.015,0.984,154.480,86.230,-102.250,0.078,0.997,0.000
0.039,0.082,1.054,134.220,86.270,-122.170,0.067,0.977,-0.043
0.035,0.035,1.054,133.810,86.230,-122.610,0.067,0.970,-0.047
0.046,0.000,1.011,169.750,85.590,-87.260,0.078,0.985,0.012
0.050,-0.054,0.976,166.050,85.730,-90.880,0.078,0.981,0.000
0.015,-0.011,0.976,162.200,85.860,-94.660,0.082,0.977,-0.012
0.027,0.000,1.007,158.250,85.970,-98.540,0.078,0.973,-0.016
0.027,0.089,1.023,148.120,86.280,-108.700,0.067,0.961,-0.008
0.011,0.050,1.027,165.460,86.180,-91.560,0.063,0.974,0.004
0.015,-0.050,0.992,-179.140,85.690,-76.290,0.067,0.985,0.000
0.042,-0.105,0.980,-177.890,85.630,-75.060,0.067,0.985,-0.004
0.007,0.019,1.035,168.000,86.890,-88.930,0.055,0.981,0.000
0.007,0.125,1.082,161.670,87.370,-95.060,0.051,0.978,0.000
-0.046,0.089,1.066,-171.530,86.340,-68.550,0.055,0.966,-0.004
0.054,-0.058,1.042,-166.440,85.910,-63.570,0.063,0.961,0.000
0.019,-0.054,0.960,-157.000,84.390,-54.370,0.067,0.997,0.071
0.050,-0.078,0.957,170.350,87.230,-85.990,0.055,1.005,0.028
0.000,0.019,0.968,101.930,86.870,-153.450,0.039,0.985,-0.031
-0.019,0.066,0.988,96.970,86.550,-158.310,0.039,0.977,-0.043
0.019,0.050,1.023,-164.660,83.990,-62.040,0.078,0.962,0.039
0.019,0.027,1.031,-163.340,83.810,-60.720,0.082,0.969,0.047
0.050,-0.007,1.023,-162.450,83.690,-59.800,0.082,0.969,0.047
0.019,-0.074,0.992,-162.000,83.630,-59.310,0.086,0.973,0.043
0.046,-0.093,0.984,-175.200,85.590,-71.810,0.086,0.977,0.020
0.019,-0.031,1.000,146.390,87.130,-109.870,0.055,0.985,0.004
0.011,0.023,1.027,117.920,87.220,-138.300,0.039,0.989,-0.028
0.019,0.070,1.050,119.130,87.260,-137.150,0.035,0.989,-0.028
0.031,0.015,1.058,-163.880,84.970,-61.580,0.047,0.985,0.020
0.031,-0.054,1.027,-151.640,81.820,-49.890,0.094,0.974,0.074
0.027,-0.105,0.980,-150.120,81.080,-48.180,0.113,0.978,0.117
0.046,-0.117,0.957,-150.830,81.310,-48.740,0.117,0.977,0.106
0.011,-0.085,0.957,178.830,86.100,-77.490,0.078,0.969,0.039
0.007,0.058,1.054,135.900,87.040,-120.110,0.063,0.969,-0.020
-0.007,0.113,1.054,140.730,87.060,-115.640,0.039,0.961,-0.004
0.023,0.023,1.070,149.250,87.000,-107.240,0.039,0.966,-0.012
0.042,-0.054,1.035,-168.530,85.320,-65.340,0.082,0.997,0.051
0.042,-0.078,0.968,-174.590,85.840,-71.210,0.082,0.993,0.039
0.035,-0.074,0.953,177.630,86.290,-78.800,0.078,0.985,0.039
0.015,-0.039,0.988,168.250,86.640,-88.030,0.071,0.981,0.016
0.019,0.101,1.062,120.310,86.780,-135.800,0.043,0.961,-0.031
-0.003,0.070,1.058,152.290,86.760,-104.430,0.043,0.958,-0.024
0.023,0.007,1.058,-166.960,84.720,-64.440,0.067,0.970,0.008
0.027,-0.042,1.011,-163.060,84.220,-60.670,0.063,0.962,0.020
0.050,-0.058,0.976,-159.830,83.760,-57.200,0.098,0.993,0.067
0.035,-0.078,0.949,178.520,86.000,-78.010,0.082,0.981,0.039
0.035,0.031,1.003,127.310,86.760,-128.640,0.063,0.978,-0.016
0.000,0.109,1.042,118.670,86.620,-137.220,0.055,0.969,-0.031
0.023,0.089,1.042,123.830,86.640,-132.670,0.039,0.969,-0.059
0.031,0.066,1.042,170.610,86.100,-86.850,0.043,0.981,-0.012
0.046,-0.031,1.000,-172.340,85.050,-70.170,0.067,0.989,0.016
0.042,-0.070,0.960,-171.540,84.990,-69.330,0.071,0.989,0.020
0.035,-0.062,0.972,118.990,86.300,-137.620,0.039,0.970,-0.039
0.019,0.117,1.039,125.270,86.390,-131.470,0.039,0.970,-0.039
0.003,0.128,1.058,133.360,86.450,-123.520,0.047,0.974,-0.039
0.050,0.031,1.050,142.990,86.440,-114.040,0.047,0.973,-0.043
0.054,-0.058,1.000,-170.770,84.610,-68.750,0.071,0.981,0.016
0.046,-0.062,0.960,-175.890,85.220,-73.380,0.078,1.001,0.028
0.039,-0.019,0.980,154.580,86.500,-102.170,0.071,0.985,0.004
0.019,0.078,1.023,146.610,86.590,-110.030,0.071,0.981,0.004
0.019,0.066,1.031,130.780,86.500,-125.890,0.043,0.973,-0.028
0.054,0.031,1.050,164.540,86.170,-92.700,0.059,0.970,-0.024
0.035,-0.027,1.015,-175.010,85.170,-72.650,0.067,0.981,0.020
0.031,0.027,1.003,-173.480,85.030,-71.120,0.071,0.985,0.024
0.023,0.000,1.000,177.880,85.730,-79.090,0.086,0.981,0.020
0.027,-0.015,0.968,155.740,86.530,-100.960,0.071,0.973,0.000
0.062,0.011,0.996,126.920,86.700,-129.640,0.035,0.985,-0.028
0.007,0.121,1.027,122.290,86.660,-134.250,0.028,0.981,-0.031
0.023,0.089,1.054,-179.070,85.420,-76.110,0.074,0.989,0.039
0.042,-0.023,1.011,178.910,85.570,-78.030,0.078,0.989,0.028
0.050,-0.046,0.968,175.790,85.770,-81.020,0.078,0.993,0.031
0.027,-0.039,0.964,171.570,85.980,-85.090,0.074,0.993,0.028
0.019,0.078,1.011,118.770,86.380,-137.070,0.055,0.978,-0.035
-0.007,0.160,1.054,114.730,86.210,-141.350,0.035,0.970,-0.039
0.031,0.054,1.074,147.010,86.480,-109.700,0.031,0.973,-0.055
0.050,0.011,1.027,155.770,86.360,-101.090,0.035,0.974,-0.047
0.050,-0.042,0.984,-176.950,85.470,-73.830,0.067,1.001,0.024
0.046,-0.066,0.949,158.500,86.600,-97.490,0.074,0.993,0.000
0.054,-0.003,0.988,117.600,86.560,-137.770,0.059,0.989,-0.028
-0.031,0.125,1.035,111.910,86.400,-143.390,0.055,0.985,-0.028
0.007,0.089,1.054,124.590,86.500,-130.960,0.047,0.961,-0.039
0.039,0.046,1.039,170.570,85.850,-85.920,0.055,0.953,-0.020
0.035,0.023,1.003,-173.970,85.070,-70.910,0.063,0.985,0.016
0.031,0.007,0.992,-173.640,85.100,-70.550,0.063,0.989,0.028
0.031,-0.011,0.957,86.080,85.090,-169.050,0.016,0.978,-0.074
0.031,0.015,0.996,86.290,85.120,-168.870,0.016,0.973,-0.082
-0.003,0.101,1.042,87.340,85.240,-167.850,0.016,0.973,-0.082
-0.011,0.136,1.070,89.370,85.430,-165.880,0.016,0.981,-0.074
0.023,0.000,1.050,163.970,86.510,-92.410,0.043,0.974,-0.043
0.035,-0.054,0.988,-172.290,85.170,-68.950,0.071,0.981,0.024
0.023,0.023,0.964,176.500,86.220,-79.480,0.071,0.997,0.039
-0.007,0.089,0.996,170.040,86.540,-85.750,0.071,0.997,0.039
0.015,0.085,1.070,108.810,86.740,-146.210,0.035,0.966,-0.055
0.027,0.046,1.035,109.900,86.920,-145.410,0.024,0.957,-0.055
0.042,-0.031,0.988,109.890,87.390,-145.620,0.008,0.989,-0.039
0.015,0.027,1.000,108.300,87.470,-147.200,0.016,0.993,-0.039
0.015,0.066,1.000,102.040,87.390,-153.290,0.016,1.000,-0.028
0.011,0.089,1.031,136.520,87.320,-119.260,0.051,0.969,-0.031
0.031,0.011,1.000,169.480,86.370,-86.880,0.059,0.969,0.008
0.042,0.023,0.988,173.630,86.110,-82.810,0.067,0.966,0.012
0.023,-0.019,0.996,104.480,86.450,-151.910,0.020,0.981,-0.039
0.042,0.011,1.007,102.840,86.360,-153.590,0.020,0.985,-0.035
0.003,0.031,1.000,102.370,86.300,-154.130,0.004,0.981,-0.055
0.019,0.128,1.031,103.130,86.290,-153.450,0.016,0.981,-0.059
0.019,0.074,1.039,155.520,86.360,-102.310,0.039,0.977,-0.020
0.050,-0.023,1.023,-176.970,84.750,-75.340,0.094,0.974,0.000
0.054,-0.027,0.996,-174.520,84.700,-72.760,0.090,0.966,0.028
0.019,-0.035,0.953,-176.580,85.010,-74.710,0.094,0.970,0.035
0.039,-0.011,0.996,115.800,86.690,-141.250,0.051,0.985,-0.035
-0.011,0.179,1.058,98.450,86.180,-158.620,0.024,0.977,-0.063
0.007,0.125,1.066,117.660,86.880,-139.870,0.020,0.981,-0.055
0.039,-0.031,1.031,129.130,87.040,-128.520,0.024,0.977,-0.055
0.035,-0.058,0.960,-167.680,85.220,-65.980,0.071,0.993,0.039
0.035,-0.089,0.953,171.980,86.720,-85.410,0.071,0.997,0.028
0.007,0.042,0.992,117.210,87.120,-139.330,0.055,0.977,-0.031
0.003,0.164,1.066,109.900,86.930,-146.560,0.043,0.969,-0.039
-0.003,0.097,1.066,-163.260,85.390,-61.150,0.063,1.001,0.043
0.031,-0.019,1.007,-165.610,85.700,-63.350,0.067,1.005,0.039
0.031,-0.046,0.957,-169.130,86.090,-66.700,0.067,1.005,0.047
0.019,-0.074,0.957,-174.400,86.520,-71.790,0.063,1.001,0.043
-0.003,0.046,1.003,101.240,86.940,-155.020,0.039,0.965,-0.043
0.015,0.105,1.070,95.470,86.650,-160.880,0.016,0.965,-0.043
0.003,0.109,1.074,144.830,87.470,-112.100,0.028,0.965,-0.031
0.027,0.015,1.035,159.620,87.330,-97.460,0.035,0.973,-0.024
0.007,-0.046,0.992,-156.570,84.530,-54.220,0.074,0.993,0.047
0.039,-0.125,0.953,-167.940,85.980,-64.860,0.074,0.996,0.051
0.027,-0.050,0.968,137.390,87.600,-118.620,0.043,0.981,-0.012
-0.003,0.152,1.062,122.360,87.500,-133.500,0.043,0.973,-0.012
-0.015,0.164,1.082,109.600,87.260,-146.070,0.020,0.966,-0.043
0.007,-0.015,1.046,-173.180,86.210,-69.890,0.043,0.966,-0.024
0.054,-0.082,0.996,-154.350,83.730,-51.770,0.067,0.981,0.055
0.039,-0.074,0.941,-153.910,83.690,-51.320,0.071,0.985,0.071
0.011,-0.078,0.957,120.020,87.170,-135.710,0.028,0.953,-0.024
0.000,0.062,1.031,130.640,87.260,-125.260,0.031,0.962,-0.028
0.000,0.074,1.070,143.960,87.250,-112.120,0.031,0.966,-0.024
0.039,0.000,1.050,158.060,87.080,-98.210,0.035,0.962,-0.024
0.039,-0.007,1.046,-153.180,82.980,-50.640,0.082,0.977,0.063
0.019,-0.042,1.011,-151.390,82.500,-48.720,0.098,0.993,0.086
0.027,-0.046,0.976,-158.480,84.190,-55.210,0.098,0.981,0.067
0.023,-0.058,0.960,-161.320,84.700,-57.920,0.094,0.981,0.067
0.027,-0.042,0.988,116.170,87.070,-139.560,0.043,0.981,-0.039
-0.007,0.136,1.062,101.640,86.630,-154.150,0.024,0.965,-0.047
-0.007,0.117,1.058,136.050,87.230,-120.260,0.024,0.970,-0.043
0.015,-0.015,1.058,150.580,87.160,-105.900,0.028,0.973,-0.043
0.042,-0.074,1.000,-153.370,82.880,-51.090,0.078,0.974,0.071
0.046,-0.085,0.957,-157.730,83.940,-54.710,0.090,0.993,0.086
0.015,-0.113,0.945,173.430,86.760,-82.370,0.074,0.981,0.024
0.003,0.011,1.007,161.690,87.110,-93.910,0.071,0.981,0.016
0.003,0.046,1.070,-153.130,83.170,-50.550,0.074,0.978,0.055
0.007,0.039,1.054,-150.900,82.490,-48.450,0.071,0.981,0.067
0.015,-0.027,1.054,-149.290,81.870,-46.950,0.090,0.978,0.074
0.035,-0.066,1.023,-148.170,81.350,-45.880,0.090,0.978,0.086
0.023,-0.101,0.980,-148.830,81.810,-45.600,0.125,0.977,0.113
0.023,-0.097,0.941,-162.060,85.220,-57.700,0.094,0.977,0.059
0.015,-0.027,0.976,135.970,87.690,-118.910,0.043,0.981,0.004
-0.011,0.144,1.054,120.510,87.600,-134.280,0.039,0.978,0.000
-0.011,0.031,1.042,126.830,87.600,-128.390,0.012,0.961,-0.035
0.046,0.054,1.070,-165.310,85.720,-61.500,0.043,0.957,0.008
0.003,0.011,0.988,-153.310,84.100,-49.860,0.059,0.989,0.078
0.031,-0.042,0.968,-152.970,84.010,-49.480,0.067,0.989,0.078
0.019,-0.152,0.917,-172.730,86.450,-68.290,0.063,0.969,0.031
0.019,0.085,1.015,121.010,87.570,-134.080,0.039,0.966,-0.028
-0.023,0.171,1.078,88.310,86.630,-166.510,0.004,0.974,-0.047
0.011,0.019,1.042,89.410,86.710,-165.430,0.008,0.962,-0.043
0.027,-0.046,0.996,-174.570,87.600,-70.150,0.047,0.977,0.020
0.011,-0.007,0.976,-179.700,87.790,-75.190,0.047,0.974,0.008
0.031,0.054,1.007,175.000,87.930,-80.430,0.051,0.974,0.000
-0.011,0.062,0.988,170.120,88.030,-85.280,0.051,0.970,-0.004
0.015,0.062,1.039,163.700,88.190,-91.920,0.047,0.974,-0.016
-0.039,0.023,0.996,159.820,88.290,-95.900,0.024,0.969,-0.012
0.011,0.046,1.019,141.110,88.540,-114.570,0.016,0.989,-0.024
-0.027,0.050,0.988,133.730,88.570,-121.920,0.012,0.989,-0.020
-0.023,0.082,0.992,85.740,88.230,-169.620,0.004,0.989,-0.039
-0.031,0.039,0.992,81.170,88.050,-174.370,-0.004,0.978,-0.028
-0.042,0.066,1.003,82.830,88.300,-172.930,-0.004,0.958,-0.035
0.003,0.054,1.027,83.150,88.350,-172.630,-0.008,0.962,-0.031
-0.027,0.031,1.019,84.810,88.950,-170.970,-0.020,0.970,-0.024
-0.019,0.054,1.027,71.440,89.190,175.750,-0.016,0.985,-0.008
-0.035,0.027,1.019,75.210,89.370,179.600,-0.008,0.985,-0.004
-0.007,0.062,1.019,76.120,89.400,-179.470,-0.004,0.989,-0.008
-0.011,0.031,1.015,88.960,89.240,-166.790,0.000,0.981,-0.016
-0.027,0.031,1.015,89.820,89.220,-165.920,-0.012,0.989,-0.012
-0.035,0.066,1.011,92.030,89.190,-163.690,0.000,0.989,-0.012
-0.011,0.039,1.000,95.400,89.170,-160.300,-0.004,0.989,-0.008
-0.011,0.035,1.003,119.520,89.210,-136.240,-0.012,0.989,-0.012
-0.019,0.031,1.027,116.720,89.260,-139.030,0.004,0.970,-0.012
-0.031,0.027,1.019,114.110,89.390,-141.510,0.008,0.978,-0.012
-0.007,0.042,1.027,116.130,89.420,-139.470,0.004,0.978,-0.012
-0.027,0.035,0.988,120.610,89.670,-135.060,0.000,0.985,0.000
-0.003,0.039,1.031,124.020,89.640,-131.680,-0.004,0.996,-0.008
-0.023,0.046,1.003,130.810,89.460,-124.910,0.004,0.985,-0.004
-0.027,0.027,1.011,129.460,89.430,-126.240,0.004,0.978,-0.008
0.000,0.027,1.015,131.620,89.380,-124.070,-0.004,0.985,-0.016
-0.011,0.050,1.023,133.190,89.370,-122.490,0.000,0.985,-0.004
-0.011,0.019,1.007,141.830,89.400,-113.750,0.012,0.981,-0.020
-0.011,0.003,1.000,144.340,89.420,-111.230,0.008,0.981,-0.016
-0.007,0.023,1.007,143.540,89.130,-111.700,0.016,0.978,0.012
-0.011,0.023,1.000,142.340,89.150,-112.910,0.020,0.973,0.008
-0.003,0.046,1.011,141.150,89.170,-114.100,0.024,0.981,-0.004
-0.019,0.035,1.019,140.050,89.180,-115.200,0.020,0.977,-0.012
0.003,0.027,1.003,148.140,89.230,-107.170,0.012,0.985,-0.012
-0.035,0.023,1.000,154.390,89.290,-101.020,0.004,0.989,-0.008
0.015,0.042,1.019,151.470,89.290,-103.890,0.028,0.981,-0.012
-0.027,0.015,1.007,149.860,89.310,-105.480,0.020,0.985,-0.016
-0.007,0.042,1.015,152.820,89.370,-102.500,0.020,0.981,-0.012
-0.031,0.000,1.000,152.210,89.400,-103.090,0.008,0.985,0.016
0.011,0.054,1.031,151.520,89.440,-103.800,0.008,0.977,-0.020
-0.027,0.023,1.000,150.760,89.460,-104.580,0.004,0.981,-0.016
-0.003,0.039,1.007,167.310,89.560,-87.980,0.024,0.985,-0.008
0.089,-0.066,1.773,156.880,89.510,-98.490,-0.004,0.981,0.024
-0.035,0.066,0.589,159.640,89.590,-95.760,0.012,0.977,-0.024
-0.035,0.042,1.136,158.790,89.590,-96.620,0.008,0.970,-0.016
-0.007,0.039,1.054,28.570,89.800,133.150,0.008,0.978,-0.004
0.144,0.078,0.996,14.030,89.730,118.580,-0.020,0.977,0.008
-0.031,0.062,1.019,8.820,89.660,113.350,-0.031,0.965,0.016
-0.035,0.050,0.996,10.640,89.600,115.170,-0.016,0.954,0.012
-0.039,0.050,1.031,16.880,89.070,121.520,-0.020,0.996,-0.020
-0.042,0.042,1.007,16.460,89.110,121.200,-0.024,0.969,-0.008
-0.039,0.054,1.011,17.170,89.020,121.960,-0.008,0.989,-0.008
-0.031,0.046,1.015,17.280,89.000,122.070,-0.024,0.985,-0.012
-0.035,0.054,1.015,19.160,88.830,124.000,-0.031,0.985,-0.024
-0.039,0.042,1.003,18.780,88.890,123.610,0.004,0.966,0.008
-0.039,0.054,1.023,19.760,88.800,124.600,-0.012,0.981,-0.004
-0.054,-0.039,1.039,20.080,88.780,124.920,-0.020,0.981,-0.012
-0.042,0.035,0.980,19.260,88.810,124.000,-0.020,0.985,-0.024
-0.035,0.046,1.019,18.150,88.870,122.860,-0.004,0.974,-0.004
-0.050,0.054,1.046,17.000,88.970,121.640,0.016,0.966,0.016
-0.035,0.054,1.054,17.100,88.950,121.750,0.008,0.970,0.012
-0.031,0.046,0.996,16.870,88.920,121.480,-0.004,0.978,0.000
-0.035,0.042,1.003,16.740,88.920,121.350,0.000,0.974,0.000
-0.039,0.042,1.000,16.720,88.910,121.330,-0.008,0.978,0.000
-0.039,0.058,1.019,16.870,88.900,121.480,-0.012,0.970,0.000
-0.035,0.050,1.011,17.050,88.890,121.660,-0.035,0.989,-0.028
-0.035,0.058,1.011,16.810,88.900,121.420,-0.016,0.981,-0.004
-0.039,0.050,1.011,17.350,88.890,121.960,-0.028,0.985,-0.020
-0.039,0.054,1.011,17.520,88.880,122.130,-0.031,0.989,-0.028
-0.039,0.050,1.007,18.070,88.870,122.680,-0.012,0.981,-0.004
-0.039,0.050,1.007,18.340,88.860,122.950,-0.016,0.981,-0.008
-0.035,0.050,1.011,18.500,88.850,123.110,-0.016,0.978,-0.008
-0.039,0.050,1.007,18.520,88.840,123.130,-0.024,0.985,-0.012
-0.035,0.050,1.007,18.640,88.830,123.250,-0.024,0.981,-0.012
-0.039,0.054,1.011,18.850,88.820,123.470,-0.020,0.985,-0.012
-0.031,0.054,1.007,19.070,88.810,123.680,-0.024,0.981,-0.016
-0.035,0.046,1.023,19.020,88.810,123.640,-0.024,0.981,-0.016
-0.031,0.054,1.007,18.690,88.780,123.310,-0.016,0.981,-0.012
-0.039,0.054,1.011,18.710,88.780,123.330,-0.016,0.981,-0.008
-0.039,0.046,1.015,18.730,88.780,123.350,-0.016,0.985,-0.008
-0.035,0.050,1.011,18.770,88.770,123.390,-0.020,0.977,-0.008
-0.035,0.050,1.011,18.470,88.770,123.090,-0.020,0.981,-0.012
-0.035,0.054,1.015,18.330,88.780,122.950,-0.020,0.981,-0.016
-0.031,0.050,1.011,18.250,88.770,122.870,-0.020,0.981,-0.012
-0.035,0.050,1.007,18.210,88.770,122.830,-0.020,0.981,-0.012
-0.039,0.054,1.007,17.670,88.760,122.290,-0.016,0.985,-0.012
-0.039,0.050,1.007,17.560,88.760,122.180,-0.020,0.981,-0.016
-0.035,0.050,1.011,17.550,88.750,122.170,-0.020,0.977,-0.012
-0.035,0.050,1.011,17.560,88.750,122.180,-0.020,0.985,-0.012
-0.035,0.054,1.003,17.610,88.740,122.230,-0.020,0.981,-0.008
-0.035,0.050,1.011,17.740,88.730,122.360,-0.020,0.981,-0.008
-0.039,0.050,1.007,17.720,88.730,122.340,-0.020,0.985,-0.012
-0.035,0.050,1.007,17.710,88.730,122.340,-0.016,0.981,-0.016
-0.031,0.054,1.007,17.420,88.730,122.050,-0.020,0.981,-0.012
-0.035,0.050,1.011,17.410,88.730,122.040,-0.016,0.981,-0.012
-0.031,0.050,1.015,17.400,88.730,122.030,-0.016,0.981,-0.012
-0.035,0.054,1.011,17.400,88.730,122.020,-0.020,0.981,-0.012
-0.039,0.046,1.011,17.330,88.730,121.950,-0.020,0.981,-0.016
-0.035,0.050,1.011,17.290,88.730,121.920,-0.020,0.981,-0.012
-0.035,0.050,1.003,17.260,88.730,121.880,-0.016,0.981,-0.016
-0.035,0.054,1.011,17.250,88.730,121.870,-0.020,0.977,-0.008
-0.035,0.050,1.007,17.190,88.740,121.820,-0.020,0.981,-0.012
-0.035,0.050,1.015,17.160,88.740,121.790,-0.020,0.981,-0.012
