-0.035,0.046,1.015,25.860,88.720,120.630,-0.020,0.985,-0.012
-0.039,0.050,1.011,25.900,88.720,120.670,-0.020,0.981,-0.012
-0.035,0.054,1.003,25.910,88.720,120.680,-0.020,0.981,-0.012
-0.035,0.050,1.015,25.960,88.720,120.730,-0.020,0.981,-0.012
-0.035,0.050,1.003,26.100,88.720,120.870,-0.020,0.981,-0.012
-0.039,0.046,1.019,26.110,88.720,120.880,-0.020,0.981,-0.012
-0.035,0.042,1.011,26.180,88.720,120.950,-0.020,0.985,-0.012
-0.039,0.046,1.011,26.250,88.720,121.020,-0.016,0.985,-0.016
-0.035,0.054,1.003,26.250,88.720,121.020,-0.016,0.981,-0.012
-0.035,0.050,1.011,26.270,88.720,121.040,-0.016,0.981,-0.012
-0.035,0.054,1.007,26.540,88.720,121.310,-0.016,0.981,-0.016
-0.035,0.054,1.011,26.580,88.720,121.350,-0.024,0.981,-0.012
-0.035,0.046,1.007,26.750,88.730,121.520,-0.020,0.981,-0.012
-0.031,0.050,1.011,26.800,88.730,121.570,-0.020,0.985,-0.012
-0.035,0.054,1.019,26.800,88.730,121.560,-0.016,0.981,-0.008
-0.035,0.050,1.007,26.780,88.730,121.550,-0.016,0.981,-0.012
-0.039,0.046,1.011,26.760,88.730,121.520,-0.020,0.981,-0.008
-0.035,0.050,1.007,26.750,88.730,121.520,-0.016,0.981,-0.008
-0.035,0.050,1.007,26.740,88.730,121.510,-0.020,0.981,-0.012
-0.039,0.046,1.011,26.740,88.730,121.510,-0.020,0.981,-0.008
-0.035,0.050,1.015,26.720,88.730,121.490,-0.020,0.981,-0.008
-0.035,0.050,1.007,26.570,88.730,121.340,-0.016,0.981,-0.008
-0.039,0.050,1.011,26.390,88.730,121.160,-0.020,0.981,-0.012
-0.035,0.050,1.011,26.360,88.730,121.130,-0.020,0.981,-0.012
-0.035,0.050,1.015,26.070,88.730,120.840,-0.020,0.981,-0.012
-0.035,0.050,1.007,25.920,88.730,120.690,-0.020,0.981,-0.012
-0.035,0.058,1.015,25.790,88.730,120.550,-0.020,0.981,-0.012
-0.039,0.054,1.035,25.760,88.730,120.530,-0.016,0.981,-0.012
-0.023,0.058,1.015,25.490,88.740,120.260,-0.031,0.989,-0.020
-0.046,0.042,1.003,23.770,88.880,118.410,0.059,1.001,0.004
-0.031,0.046,1.000,24.030,88.860,118.630,-0.031,0.981,-0.012
-0.039,0.050,0.949,24.260,88.830,118.870,-0.028,0.985,-0.016
-0.035,0.050,0.902,25.650,88.710,120.250,-0.043,1.008,-0.067
-0.007,0.050,1.035,23.090,88.920,117.570,0.082,0.981,0.031
-0.027,0.046,1.019,23.460,88.890,117.920,-0.047,0.996,-0.039
-0.039,0.066,1.003,23.340,88.900,117.810,-0.047,0.997,-0.031
-0.039,0.050,1.003,22.750,88.910,117.100,-0.020,0.981,-0.008
-0.035,0.050,1.007,25.170,88.720,119.520,-0.043,1.001,-0.047
-0.039,0.050,1.007,24.660,88.770,119.010,0.008,0.970,0.016
-0.039,0.058,1.011,24.780,88.770,119.130,0.004,0.970,0.012
-0.035,0.050,1.011,25.730,88.730,120.080,-0.012,0.974,-0.004
-0.039,0.050,1.007,27.290,88.630,121.650,-0.031,0.985,-0.028
-0.031,0.046,1.027,26.160,88.710,120.520,-0.008,0.974,0.000
-0.035,0.066,0.992,26.160,88.710,120.520,-0.012,0.978,0.000
-0.035,0.054,0.980,27.400,88.620,121.830,-0.024,0.981,-0.004
-0.035,0.054,1.015,27.900,88.590,122.610,0.012,0.978,-0.012
-0.039,0.058,1.007,28.280,88.600,123.370,-0.035,0.985,-0.004
-0.039,0.058,1.015,28.370,88.600,123.510,-0.047,0.985,-0.016
-0.035,0.054,1.011,29.250,88.610,124.540,-0.031,0.981,-0.020
-0.035,0.054,1.011,29.280,88.610,124.570,-0.016,0.978,-0.012
-0.039,0.058,1.007,29.300,88.610,124.590,-0.028,0.981,-0.016
-0.035,0.042,1.003,29.310,88.610,124.600,-0.020,0.981,-0.012
-0.039,0.062,1.000,28.920,88.600,124.210,-0.024,0.981,-0.016
-0.023,0.003,1.003,28.210,88.680,123.450,-0.028,0.985,-0.028
-0.042,0.078,1.031,27.280,88.720,122.370,-0.028,0.985,-0.024
-0.042,0.062,1.003,27.050,88.730,122.070,-0.031,0.981,-0.028
-0.093,0.046,1.035,25.700,88.790,119.820,-0.024,0.989,-0.035
-0.046,0.074,1.078,24.450,88.870,118.140,-0.028,0.981,0.008
-0.019,-0.082,1.234,24.480,88.980,117.770,-0.035,0.974,0.035
-0.054,0.000,0.863,26.560,89.010,119.890,-0.035,0.977,0.031
-0.007,-0.007,1.152,10.950,89.530,105.660,-0.051,0.996,0.047
-0.078,0.019,1.078,-104.060,89.500,-8.330,-0.012,1.000,-0.008
-0.003,-0.003,1.082,-114.270,88.620,-17.780,-0.016,0.989,0.031
-0.070,-0.007,1.019,-113.710,88.470,-17.110,-0.012,0.997,0.031
-0.023,-0.027,1.007,-146.300,86.870,-46.660,0.039,0.985,0.047
-0.007,-0.007,1.011,-148.740,86.890,-48.950,0.035,0.981,0.051
-0.042,0.003,0.980,-151.080,86.900,-51.150,0.020,0.985,0.024
0.011,-0.003,0.992,-153.100,86.890,-53.040,0.020,0.977,0.039
-0.007,0.000,0.964,-165.120,85.980,-64.000,0.024,0.961,0.024
0.019,-0.031,0.925,-168.620,85.360,-66.640,0.055,0.949,0.035
0.019,0.007,0.996,-172.560,85.010,-69.890,0.055,0.958,0.051
0.015,-0.015,0.984,-173.700,84.980,-70.880,0.059,0.954,0.043
0.019,0.011,0.976,179.170,84.900,-76.590,0.059,0.958,0.024
0.035,0.027,0.988,175.370,85.020,-79.570,0.074,0.942,0.008
0.082,-0.027,0.968,169.040,85.350,-85.330,0.067,0.950,0.020
0.117,-0.050,0.980,167.020,85.440,-87.230,0.067,0.945,0.012
0.054,0.000,1.019,143.500,86.340,-109.290,0.086,0.950,-0.020
0.097,0.019,1.000,127.180,86.340,-125.340,0.117,0.954,-0.020
0.035,0.011,1.027,124.660,86.330,-128.210,0.090,0.978,-0.004
0.089,0.070,1.035,124.850,86.310,-128.190,0.086,0.981,0.004
0.039,0.058,1.039,109.190,86.640,-147.590,0.047,1.005,-0.035
0.058,0.050,1.023,107.110,86.600,-149.850,0.047,0.997,-0.024
0.035,0.093,0.992,105.160,86.530,-151.950,0.047,0.997,-0.031
0.011,0.113,1.011,103.350,86.450,-153.880,0.047,0.993,-0.039
0.039,0.136,1.003,97.240,85.890,-161.030,0.028,0.965,-0.082
0.031,0.097,1.000,99.050,85.700,-160.150,0.020,0.969,-0.074
0.062,0.144,1.015,94.380,85.070,-165.510,0.016,0.969,-0.110
0.082,0.113,1.031,93.110,84.950,-166.920,0.012,0.969,-0.113
0.058,0.152,0.992,86.380,84.070,-174.770,0.024,0.989,-0.121
0.085,0.113,1.007,85.560,83.930,-176.330,0.035,0.997,-0.110
0.070,0.164,1.015,87.740,83.680,-174.740,0.047,0.989,-0.145
0.082,0.125,1.011,88.190,83.640,-174.420,0.047,0.978,-0.141
0.093,0.121,1.023,93.370,83.730,-169.860,0.043,0.977,-0.145
0.066,0.113,1.000,97.300,83.780,-166.180,0.035,0.989,-0.125
0.058,0.097,0.996,101.200,83.890,-162.370,0.047,0.989,-0.113
0.066,0.097,0.988,102.070,83.910,-161.490,0.059,0.985,-0.113
0.089,0.078,0.992,109.090,83.490,-154.650,0.074,0.953,-0.082
0.011,0.125,0.980,108.930,83.440,-154.840,0.078,0.958,-0.082
0.093,0.109,1.015,108.640,83.380,-155.160,0.082,0.957,-0.090
0.066,0.117,1.003,108.270,83.320,-155.600,0.067,0.962,-0.113
0.078,0.128,1.011,102.790,82.910,-161.460,0.047,0.981,-0.110
0.054,0.140,1.000,100.140,82.720,-164.290,0.047,0.978,-0.121
0.085,0.128,1.003,99.000,82.610,-165.620,0.043,0.981,-0.129
0.054,0.148,1.023,98.850,82.590,-165.840,0.043,0.985,-0.133
0.062,0.156,1.003,97.820,82.520,-167.390,0.035,0.973,-0.133
0.054,0.148,1.011,98.070,82.560,-167.350,0.028,0.978,-0.145
0.074,0.128,0.996,98.510,82.630,-167.170,0.031,0.981,-0.137
0.042,0.128,1.011,98.790,82.630,-166.930,0.035,0.978,-0.141
0.078,0.136,1.003,99.480,82.500,-166.460,0.039,0.977,-0.133
0.058,0.148,1.000,100.690,82.450,-165.370,0.035,0.989,-0.129
0.085,0.140,0.976,102.160,82.490,-164.020,0.047,0.978,-0.125
0.050,0.121,0.996,102.520,82.500,-163.670,0.047,0.977,-0.129
0.097,0.121,1.007,101.600,82.190,-164.640,0.039,0.981,-0.137
0.062,0.140,0.988,101.880,82.230,-164.340,0.051,0.985,-0.145
0.058,0.152,0.988,102.210,82.270,-164.010,0.055,0.977,-0.133
0.054,0.109,1.007,102.610,82.310,-163.640,0.059,0.978,-0.133
0.070,0.132,1.023,105.200,82.440,-161.230,0.051,0.966,-0.125
0.070,0.128,1.003,104.190,82.400,-162.200,0.039,0.978,-0.125
0.066,0.136,0.988,102.990,82.450,-163.230,0.035,0.993,-0.133
0.082,0.125,1.000,103.000,82.480,-163.220,0.039,0.993,-0.125
0.070,0.128,0.992,102.400,82.410,-163.690,0.051,0.965,-0.129
0.097,0.117,1.003,101.000,82.320,-165.070,0.039,0.969,-0.117
0.015,0.148,1.011,99.930,82.370,-166.030,0.059,0.973,-0.137
0.074,0.136,1.027,99.650,82.360,-166.310,0.051,0.973,-0.129
0.031,0.125,0.988,98.720,82.540,-167.070,0.016,0.985,-0.125
0.074,0.125,1.011,99.550,82.820,-166.080,0.016,0.993,-0.121
0.042,0.117,1.003,100.270,82.920,-165.140,0.031,0.978,-0.129
0.054,0.105,0.996,100.290,82.930,-165.090,0.024,0.974,-0.117
0.058,0.097,0.988,98.730,83.650,-165.790,0.039,0.966,-0.086
0.031,0.105,0.996,98.420,83.710,-166.090,0.043,0.962,-0.090
0.027,0.121,1.003,98.150,83.770,-166.330,0.039,0.961,-0.102
0.007,0.125,1.007,97.860,83.840,-166.610,0.039,0.969,-0.110
0.000,0.125,0.996,95.600,84.360,-169.060,0.012,0.974,-0.086
0.011,0.113,1.019,94.400,84.680,-170.440,-0.004,0.978,-0.086
0.011,0.097,1.023,92.370,84.930,-172.560,-0.008,0.985,-0.094
0.011,0.109,1.027,91.870,84.980,-173.080,-0.008,0.989,-0.090
-0.003,0.089,1.023,87.660,85.520,-177.240,-0.004,0.989,-0.082
0.007,0.089,1.019,85.750,85.810,-179.190,-0.004,0.993,-0.063
-0.039,0.097,1.000,83.100,86.000,178.210,-0.008,0.993,-0.067
-0.011,0.085,1.000,82.500,86.010,177.630,-0.012,0.993,-0.063
-0.003,0.082,1.027,79.200,86.320,174.420,-0.016,0.978,-0.063
-0.023,0.082,1.003,77.040,86.660,172.420,-0.016,0.981,-0.059
-0.007,0.062,1.007,74.850,87.070,170.380,-0.020,0.981,-0.043
0.007,0.070,1.011,74.120,87.160,169.670,-0.016,0.989,-0.035
-0.015,0.066,1.011,77.530,88.640,173.650,0.004,0.978,-0.028
-0.031,0.062,1.003,77.750,88.670,173.900,-0.004,0.981,-0.024
-0.003,0.058,1.011,78.200,88.690,174.370,-0.012,0.985,-0.024
-0.027,0.031,1.003,78.880,88.710,175.080,-0.020,0.985,-0.020
-0.031,0.058,1.000,80.350,88.820,176.920,0.004,0.973,-0.020
-0.019,0.035,1.015,76.530,88.700,173.310,-0.012,0.981,-0.020
-0.031,0.035,1.007,79.750,88.810,176.650,-0.008,0.969,-0.020
-0.015,0.035,1.011,81.050,88.840,177.980,-0.004,0.969,-0.020
-0.003,0.027,1.011,88.480,89.080,-174.290,-0.004,0.978,-0.008
-0.019,0.054,1.011,95.020,89.230,-167.620,0.000,0.978,0.004
-0.027,0.042,1.007,96.080,89.220,-166.490,0.000,0.978,-0.004
-0.019,0.027,1.011,95.280,89.230,-167.300,0.004,0.981,0.000
-0.027,0.050,1.019,94.500,89.360,-168.150,0.004,0.981,-0.008
-0.031,0.035,1.007,82.770,89.330,-179.770,-0.008,0.989,-0.004
-0.015,0.035,1.011,88.870,89.500,-173.690,0.000,0.985,-0.008
-0.015,0.035,1.015,91.670,89.530,-170.900,-0.004,0.985,-0.004
-0.027,0.050,1.003,97.070,89.430,-165.500,-0.004,0.981,-0.012
-0.011,0.042,1.015,98.380,89.420,-164.200,0.000,0.981,-0.012
-0.023,0.046,1.003,99.700,89.400,-162.880,0.000,0.985,-0.008
-0.027,0.023,1.003,100.990,89.390,-161.580,0.000,0.981,-0.004
-0.011,0.042,1.015,106.100,89.320,-156.380,0.000,0.985,-0.008
-0.007,0.031,1.011,105.520,89.260,-156.940,0.004,0.978,-0.012
0.000,0.035,1.015,111.370,89.280,-151.050,0.008,0.978,-0.012
-0.023,0.039,1.000,113.020,89.290,-149.400,0.008,0.978,-0.012
-0.019,0.031,1.007,115.770,89.280,-146.580,0.008,0.985,-0.016
-0.011,0.035,1.015,121.960,89.270,-140.390,0.008,0.978,-0.008
-0.015,0.039,1.003,126.530,89.280,-135.790,0.012,0.978,-0.004
-0.007,0.035,1.015,127.170,89.280,-135.140,0.012,0.974,-0.004
0.000,0.031,1.015,130.410,89.290,-131.940,0.004,0.981,-0.004
-0.007,0.027,1.003,132.920,89.270,-129.450,0.012,0.981,-0.012
-0.003,0.031,1.003,131.100,89.250,-131.250,0.012,0.985,-0.004
-0.011,0.039,1.011,131.650,89.250,-130.700,0.012,0.985,-0.012
-0.007,0.039,1.011,137.000,89.210,-125.390,0.008,0.985,-0.004
-0.003,0.035,1.011,137.860,89.220,-124.520,0.008,0.985,-0.004
-0.003,0.035,1.011,138.670,89.220,-123.700,0.008,0.985,-0.008
-0.003,0.031,1.015,139.240,89.210,-123.120,0.012,0.985,-0.012
-0.011,0.023,1.007,140.230,89.110,-122.070,0.012,0.981,-0.004
-0.003,0.042,1.007,142.540,89.070,-119.670,0.020,0.985,-0.012
-0.007,0.019,1.003,142.990,88.990,-119.160,0.024,0.977,-0.008
0.007,0.031,1.007,143.510,88.970,-118.630,0.020,0.977,-0.004
-0.011,0.035,1.003,141.780,88.810,-120.220,0.020,0.981,-0.016
0.000,0.023,1.011,139.790,88.730,-122.120,0.031,0.981,-0.012
0.011,0.027,1.011,142.970,88.650,-118.900,0.028,0.978,-0.016
0.011,0.031,1.027,143.570,88.620,-118.290,0.028,0.978,-0.008
0.011,0.031,1.035,148.840,88.520,-112.910,0.039,0.993,-0.008
0.007,0.027,1.015,155.010,88.460,-106.620,0.031,0.997,-0.004
0.027,0.019,1.027,158.770,88.330,-102.800,0.035,1.000,-0.008
0.027,0.023,1.000,159.120,88.310,-102.410,0.035,1.000,-0.004
0.023,0.015,0.996,158.390,87.440,-102.550,0.059,0.962,-0.004
0.000,0.027,0.996,158.450,87.410,-102.450,0.055,0.961,0.000
0.007,0.031,0.996,158.530,87.380,-102.330,0.051,0.966,-0.004
0.011,0.023,0.992,158.570,87.350,-102.270,0.051,0.978,-0.012
0.035,0.011,1.000,158.990,87.060,-101.830,0.039,0.961,-0.004
0.003,0.015,1.003,159.650,86.940,-101.000,0.047,0.970,-0.012
0.023,0.015,1.027,159.690,86.920,-100.820,0.055,0.961,-0.008
-0.003,0.015,1.007,160.060,86.920,-100.400,0.059,0.965,-0.008
0.023,0.011,1.007,163.640,86.990,-96.700,0.047,0.989,0.000
0.007,0.031,1.000,165.780,86.950,-94.500,0.039,0.981,0.008
0.023,0.011,1.000,166.350,86.930,-93.890,0.039,0.978,0.000
0.023,0.003,1.003,166.790,86.920,-93.420,0.039,0.978,-0.004
0.011,0.019,1.003,169.710,86.850,-90.520,0.051,0.970,0.004
0.042,0.011,1.019,170.500,86.910,-89.550,0.063,0.970,-0.004
0.007,0.011,1.003,171.320,86.960,-88.700,0.055,0.974,0.008
0.011,0.019,1.015,171.520,86.980,-88.500,0.055,0.970,0.004
0.015,0.007,1.015,170.980,87.420,-88.720,0.039,0.989,-0.004
0.007,0.011,1.015,170.850,87.430,-88.820,0.043,0.989,0.000
0.007,0.019,1.023,170.850,87.440,-88.800,0.039,0.985,0.000
0.023,0.011,1.003,171.000,87.450,-88.630,0.039,0.989,0.000
0.015,0.011,1.000,172.290,87.400,-87.250,0.047,0.985,0.004
0.023,0.027,1.007,168.670,87.420,-90.790,0.051,0.978,-0.012
0.019,0.019,0.996,166.550,87.410,-92.820,0.055,0.981,-0.004
0.015,0.015,1.007,166.790,87.400,-92.550,0.063,0.978,-0.004
0.027,0.015,1.019,167.790,87.460,-91.340,0.055,0.978,0.000
0.019,0.011,1.015,165.120,87.660,-93.770,0.051,0.978,-0.012
0.027,0.011,1.027,164.770,87.840,-93.880,0.039,0.989,-0.012
-0.003,0.023,1.015,164.970,87.860,-93.640,0.039,0.989,-0.016
0.023,-0.011,1.007,174.410,87.870,-83.920,0.043,0.997,0.004
0.027,0.023,1.031,176.260,87.810,-82.000,0.055,0.985,-0.004
0.003,0.039,1.003,172.290,87.900,-85.740,0.051,0.993,0.000
0.003,-0.007,0.996,171.330,87.910,-86.650,0.047,0.989,0.004
0.007,0.046,1.062,173.120,87.570,-84.710,0.035,0.961,-0.004
0.015,-0.019,0.980,174.720,87.530,-83.100,0.039,0.966,-0.012
0.019,0.007,1.023,176.000,87.480,-81.790,0.039,0.966,-0.008
0.000,0.000,0.988,176.870,87.450,-80.890,0.039,0.970,-0.004
0.015,-0.003,1.019,179.570,87.570,-78.040,0.047,0.978,0.008
-0.019,-0.015,0.996,179.390,87.540,-78.280,0.051,0.965,0.031
-0.035,-0.042,1.003,-178.610,87.720,-76.410,0.035,0.985,0.020
-0.015,0.039,1.003,-178.850,87.730,-76.690,0.035,0.973,0.024
-0.015,0.000,0.988,-169.410,87.800,-67.850,0.000,0.978,0.035
-0.023,-0.015,0.980,-160.880,87.380,-59.940,0.039,0.966,0.028
0.039,0.007,0.988,-160.620,87.400,-60.310,0.024,0.946,0.035
-0.066,0.019,0.972,-161.380,87.490,-61.170,0.024,0.946,0.028
0.011,0.023,1.011,-166.800,87.870,-67.170,0.059,0.953,0.008
-0.050,0.003,0.968,-168.560,88.010,-69.580,0.016,0.961,0.016
-0.062,0.035,1.015,-170.510,88.390,-72.110,0.024,0.953,0.004
-0.058,-0.015,0.996,-168.890,88.480,-70.580,0.016,0.961,0.000
-0.097,0.070,1.031,-104.880,88.540,-9.160,-0.039,0.993,0.035
-0.019,0.054,1.046,-105.330,88.540,-9.710,-0.039,0.996,0.039
-0.101,-0.011,0.988,-105.130,88.570,-9.600,-0.039,0.997,0.043
0.015,0.062,1.035,-104.030,88.610,-8.570,-0.035,0.993,0.043
-0.050,-0.011,0.964,-106.960,88.850,-11.900,-0.039,0.993,0.016
-0.015,0.007,1.062,-124.530,88.590,-29.770,0.008,0.969,-0.024
-0.003,-0.003,1.050,-145.310,88.370,-50.710,0.028,0.974,0.035
-0.015,0.011,1.035,-146.140,88.400,-51.600,0.035,0.977,0.024
-0.023,0.062,0.992,-149.470,88.620,-55.320,0.020,1.017,0.024
0.007,-0.003,0.980,-145.010,88.640,-51.150,-0.016,1.021,0.012
0.039,0.019,1.019,-154.280,88.190,-60.570,0.016,0.970,0.004
0.023,-0.007,1.015,-155.330,88.080,-61.620,0.020,0.962,0.004
-0.031,0.027,0.996,-169.920,87.990,-76.000,0.043,0.985,0.008
-0.011,0.015,0.988,-173.740,87.900,-79.790,0.043,0.989,-0.008
0.058,-0.058,1.011,-170.950,87.290,-77.140,0.043,0.973,0.004
-0.007,0.039,1.011,-171.650,87.200,-77.870,0.039,0.978,0.016
0.000,0.023,1.031,-158.380,87.510,-65.090,0.031,1.000,0.031
0.023,0.003,1.054,-158.420,87.630,-65.130,0.039,0.996,0.028
-0.050,0.058,0.996,-159.010,87.750,-65.720,0.039,1.004,0.024
0.023,0.000,1.011,-159.940,87.860,-66.630,0.039,1.000,0.012
0.000,0.027,1.000,-170.500,88.110,-77.500,0.020,0.989,-0.004
0.011,0.042,1.027,-178.140,88.440,-85.060,0.024,0.977,0.004
0.000,0.015,1.027,177.520,88.530,-89.260,0.035,0.974,-0.016
-0.011,0.039,1.003,178.430,88.540,-88.360,0.031,0.973,-0.004
-0.003,0.023,0.992,179.360,88.790,-87.510,0.004,0.993,0.008
0.097,0.070,0.058,-174.370,88.780,-81.260,0.012,0.989,-0.008
-0.039,0.062,1.242,-170.200,88.750,-77.030,0.039,0.970,0.000
-0.007,0.042,0.964,-170.380,88.760,-77.210,0.031,0.965,-0.004
-0.031,-0.003,0.988,-172.320,89.140,-79.120,0.004,0.989,-0.008
-0.121,0.050,1.535,-176.670,89.260,-83.480,0.039,0.974,-0.012
-0.031,0.050,0.988,179.430,89.750,-87.350,-0.004,0.961,0.004
-0.019,0.050,1.007,159.730,89.930,-107.090,0.000,0.974,0.008
-0.031,0.066,1.000,17.860,88.810,111.340,-0.024,0.985,-0.031
-0.062,0.085,1.042,17.860,88.820,111.420,-0.012,0.981,-0.020
-0.035,0.050,0.984,17.900,88.820,111.560,0.000,0.974,0.000
-0.035,0.058,1.054,18.140,88.810,111.910,-0.024,0.981,0.012
-0.050,0.039,0.906,18.460,88.820,112.760,-0.024,0.977,-0.008
-0.035,0.046,1.035,17.420,88.880,111.710,-0.008,0.981,-0.016
-0.035,0.062,1.019,13.430,89.000,107.710,0.020,0.969,0.012
-0.031,0.042,1.003,13.270,89.010,107.560,-0.012,0.981,0.000
-0.039,0.058,0.996,15.210,88.930,109.500,-0.028,0.981,0.000
-0.031,0.039,1.000,13.190,89.010,107.470,0.000,0.974,0.008
-0.039,0.054,1.027,15.380,88.930,109.660,-0.039,0.989,-0.016
-0.035,0.042,1.019,16.000,88.910,110.290,-0.039,0.997,-0.043
-0.031,0.046,1.003,17.140,88.910,111.420,-0.039,0.997,-0.043
-0.039,0.062,1.035,15.860,89.000,110.150,0.004,0.974,0.008
-0.035,0.042,1.011,17.840,88.940,112.130,-0.039,0.989,-0.028
-0.031,0.046,1.007,17.300,88.970,111.590,-0.008,0.974,0.008
-0.039,0.050,1.015,20.160,88.940,114.440,-0.035,0.996,-0.039
-0.039,0.054,1.015,19.730,88.960,114.020,-0.028,0.989,-0.024
-0.042,0.058,1.011,19.350,88.980,113.630,0.004,0.970,0.008
-0.042,0.054,1.019,19.380,88.990,113.660,0.004,0.974,0.004
-0.035,0.058,1.007,21.410,88.950,115.690,-0.028,0.989,-0.016
-0.035,0.054,1.007,21.620,88.960,115.900,-0.020,0.977,-0.004
-0.039,0.050,1.011,21.780,88.970,116.060,-0.004,0.970,0.004
-0.039,0.050,1.011,22.110,88.950,116.390,-0.016,0.978,-0.004
-0.035,0.054,1.019,22.240,88.960,116.520,-0.004,0.974,0.004
-0.039,0.050,1.011,22.910,88.940,117.200,-0.008,0.974,0.004
-0.035,0.050,1.011,23.230,88.930,117.510,-0.004,0.974,0.000
-0.035,0.054,1.015,23.380,88.930,117.670,-0.012,0.978,-0.004
-0.035,0.054,1.015,23.680,88.920,117.960,-0.004,0.978,0.000
-0.039,0.054,1.015,23.820,88.910,118.100,-0.012,0.978,0.000
-0.039,0.054,1.011,24.000,88.900,118.290,-0.012,0.978,-0.004
-0.039,0.050,1.015,24.000,88.900,118.290,-0.016,0.981,-0.008
-0.039,0.050,1.015,24.160,88.860,118.440,-0.016,0.981,-0.004
-0.039,0.050,1.015,24.260,88.860,118.540,-0.024,0.985,-0.016
-0.035,0.050,1.011,24.250,88.860,118.530,-0.024,0.981,-0.016
-0.035,0.050,1.011,24.200,88.860,118.480,-0.020,0.981,-0.012
-0.035,0.046,1.011,24.370,88.840,118.640,-0.020,0.985,-0.016
-0.039,0.050,1.011,24.590,88.840,118.870,-0.024,0.981,-0.016
-0.035,0.050,1.011,24.780,88.830,119.060,-0.020,0.985,-0.016
-0.035,0.046,1.015,24.730,88.830,119.010,-0.020,0.981,-0.008
-0.035,0.050,1.011,24.740,88.810,119.030,-0.020,0.985,-0.016
-0.035,0.046,1.015,24.670,88.800,118.950,-0.020,0.981,-0.012
-0.039,0.050,1.011,24.720,88.800,119.000,-0.020,0.981,-0.016
-0.035,0.050,1.007,24.700,88.800,118.990,-0.016,0.981,-0.012
-0.035,0.050,1.007,24.560,88.790,118.840,-0.024,0.985,-0.016
-0.035,0.050,1.011,24.670,88.790,118.950,-0.020,0.981,-0.008
-0.039,0.050,1.011,24.810,88.780,119.090,-0.020,0.981,-0.012
-0.031,0.050,1.007,24.870,88.780,119.150,-0.016,0.981,-0.012
-0.039,0.054,1.011,24.830,88.780,119.110,-0.020,0.981,-0.012
-0.035,0.050,1.007,24.830,88.780,119.110,-0.020,0.981,-0.008
-0.035,0.050,1.011,24.870,88.780,119.150,-0.016,0.981,-0.012
-0.035,0.050,1.019,24.910,88.780,119.190,-0.020,0.981,-0.012
-0.035,0.050,1.011,24.930,88.780,119.210,-0.020,0.981,-0.008
-0.035,0.050,1.007,24.950,88.780,119.230,-0.020,0.981,-0.012
-0.039,0.046,1.011,24.970,88.780,119.240,-0.020,0.985,-0.012
-0.039,0.050,1.011,24.970,88.780,119.240,-0.020,0.981,-0.008
-0.035,0.050,1.007,24.990,88.780,119.270,-0.024,0.981,-0.012
-0.039,0.050,1.015,25.010,88.780,119.280,-0.020,0.985,-0.008
-0.039,0.046,1.011,25.020,88.780,119.290,-0.020,0.981,-0.008
-0.035,0.050,1.042,25.020,88.780,119.300,-0.020,0.981,-0.012
-0.035,0.042,1.003,24.630,88.820,118.900,-0.028,0.985,-0.016
-0.031,0.042,1.007,23.360,88.930,117.630,0.004,0.970,0.012
-0.035,0.046,1.003,24.380,88.810,118.650,-0.016,0.981,-0.012
-0.035,0.046,1.000,24.580,88.790,118.850,-0.016,0.985,-0.012
-0.031,0.050,1.011,24.280,88.740,118.560,-0.035,0.993,-0.028
-0.039,0.046,1.007,24.110,88.750,118.390,-0.028,0.985,-0.016
-0.031,0.054,1.007,23.950,88.760,118.220,0.000,0.970,0.004
-0.039,0.046,1.000,24.040,88.750,118.320,-0.012,0.974,0.000
-0.035,0.046,1.007,24.110,88.750,118.380,-0.024,0.981,-0.012
-0.039,0.054,1.015,24.050,88.760,118.330,0.000,0.974,0.004
-0.035,0.050,1.011,24.650,88.730,118.930,0.004,0.966,0.012
-0.039,0.050,1.011,24.780,88.730,119.050,0.004,0.966,0.012
-0.031,0.054,1.011,25.000,88.730,119.270,0.000,0.974,0.004
-0.039,0.054,1.007,25.260,88.710,119.540,-0.020,0.981,-0.008
-0.035,0.042,1.007,25.200,88.720,119.480,-0.004,0.978,0.004
-0.039,0.070,1.007,25.390,88.710,119.660,-0.008,0.978,0.000
-0.042,0.019,1.007,26.790,88.630,121.070,-0.004,0.974,0.008
-0.042,0.085,1.015,27.220,88.580,121.400,-0.028,0.985,-0.028
-0.035,0.039,1.011,26.450,88.630,120.550,-0.016,0.978,0.000
-0.050,0.082,1.019,26.490,88.620,120.540,-0.035,0.978,0.008
-0.031,0.042,1.015,28.030,88.460,120.950,-0.004,0.974,0.004
-0.039,0.054,1.007,28.230,88.440,121.100,-0.008,0.981,-0.008
-0.039,0.058,1.007,28.390,88.420,121.230,-0.020,0.985,-0.012
-0.039,0.050,1.019,28.490,88.410,121.300,-0.028,0.985,-0.020
-0.042,0.058,1.003,28.430,88.410,120.900,-0.031,0.985,-0.016
-0.035,0.046,1.011,28.670,88.390,120.860,-0.024,0.985,-0.016
-0.039,0.058,1.019,28.900,88.370,120.850,-0.024,0.981,-0.016
-0.031,0.046,1.023,28.960,88.370,120.880,-0.031,0.981,-0.020
-0.042,0.058,1.007,29.130,88.360,120.770,-0.031,0.981,-0.020
-0.035,0.054,1.027,29.200,88.350,120.700,-0.008,0.981,-0.004
-0.039,0.062,1.007,29.280,88.320,120.720,-0.039,0.978,-0.028
-0.050,0.050,1.007,29.210,88.330,120.660,-0.039,0.977,-0.024
-0.035,0.054,1.007,29.580,88.340,120.780,-0.028,0.981,-0.020
-0.039,0.054,1.011,29.740,88.350,120.840,-0.039,0.981,-0.028
-0.042,0.054,1.007,30.010,88.380,120.840,-0.008,0.981,-0.020
-0.066,0.050,1.019,29.950,88.390,120.740,-0.008,0.981,-0.012
-0.027,0.062,1.023,29.860,88.330,120.540,-0.035,0.973,-0.031
-0.027,0.023,1.003,30.000,88.360,120.680,-0.028,0.981,-0.031
-0.066,0.011,1.058,29.900,88.400,120.590,-0.035,1.004,-0.024
-0.046,0.078,1.070,29.570,88.450,120.280,-0.024,0.981,-0.012
-0.031,0.046,1.054,17.120,88.780,107.910,-0.035,1.005,-0.016
-0.039,0.027,1.019,-16.280,89.350,74.030,-0.031,1.032,0.008
-0.035,0.031,1.003,-41.450,89.760,48.710,-0.024,1.013,0.016
-0.031,0.027,0.972,-45.940,89.830,44.220,-0.020,1.008,0.004
0.019,0.015,1.011,160.540,89.270,-109.250,-0.020,0.969,-0.008
0.035,-0.039,0.992,166.030,88.600,-103.590,0.008,0.961,-0.008
0.019,-0.007,1.023,178.760,87.930,-90.420,0.035,0.961,-0.004
-0.011,0.019,0.984,-179.840,87.780,-88.920,0.031,0.969,0.012
0.011,0.042,1.011,-169.650,86.710,-77.490,0.082,0.978,0.043
0.003,-0.003,1.003,-167.790,87.000,-75.110,0.074,0.974,0.047
0.039,0.003,1.039,-172.170,88.390,-79.040,0.039,0.969,0.031
0.015,0.058,1.039,-175.450,88.760,-82.230,0.039,0.962,0.031
-0.011,0.062,1.027,136.360,88.500,-130.690,0.031,0.978,-0.031
-0.003,0.050,0.992,144.780,88.250,-122.290,0.031,0.985,-0.020
0.050,-0.007,1.007,150.300,87.970,-116.800,0.035,0.985,-0.016
0.042,0.121,0.972,153.870,87.680,-113.250,0.047,0.981,-0.031
0.019,0.031,0.972,156.250,-219.830,-162.140,15.877,8.672,-10.835
0.078,0.027,0.968,162.110,85.460,-105.090,0.074,0.981,-0.024
0.054,0.039,1.015,166.170,84.300,-101.190,0.110,0.949,-0.043
0.113,-0.023,1.023,158.910,84.550,-108.310,0.098,0.945,-0.047
0.019,0.019,0.976,146.000,85.560,-120.530,0.090,0.946,-0.059
0.078,0.070,0.984,124.980,86.300,-140.780,0.051,0.996,-0.047
0.058,-0.023,0.984,146.520,85.540,-119.120,0.078,0.993,-0.047
0.058,0.027,0.980,167.550,83.950,-98.150,0.137,0.950,-0.024
0.011,0.019,1.011,169.310,83.780,-96.360,0.141,0.945,-0.028
0.015,0.027,1.039,175.000,84.590,-90.020,0.117,0.957,0.004
0.015,0.066,1.089,175.560,86.370,-89.180,0.067,0.966,0.000
0.023,0.054,1.089,161.790,88.500,-102.480,0.035,0.978,0.000
0.078,0.117,1.078,153.190,88.910,-110.960,0.024,0.981,0.000
0.148,-0.007,1.003,107.410,84.130,-154.430,0.078,0.978,-0.110
-0.023,0.140,0.894,109.790,83.930,-152.140,0.082,0.977,-0.102
0.027,0.058,0.925,112.690,83.700,-149.380,0.086,0.970,-0.125
-0.003,0.101,0.980,115.730,83.440,-146.510,0.082,0.958,-0.117
0.085,0.046,1.113,119.150,83.950,-143.980,0.113,0.896,-0.110
-0.011,-0.015,1.000,103.290,86.170,-159.750,0.031,0.965,-0.090
0.027,0.179,1.023,82.340,87.210,179.190,-0.012,1.001,-0.043
-0.003,0.074,0.988,79.160,87.310,176.000,-0.016,1.005,-0.051
0.054,-0.007,1.062,162.860,87.220,-100.760,0.063,0.953,-0.031
0.062,-0.050,1.035,177.550,86.920,-86.110,0.063,0.966,0.004
-0.042,-0.039,0.980,168.540,88.160,-94.250,0.035,0.985,0.024
-0.027,0.222,1.050,163.970,88.420,-98.620,0.031,0.993,0.020
-0.109,0.046,1.007,125.370,88.950,-136.660,0.008,0.993,0.008
0.109,-0.121,1.046,-172.800,87.900,-75.240,0.028,0.970,-0.012
0.007,-0.078,0.968,179.280,88.230,-82.970,0.020,0.970,0.031
-0.089,0.242,1.003,164.070,88.590,-97.940,0.012,0.974,0.051
-0.031,0.089,1.042,-162.570,87.850,-64.910,0.020,0.989,0.020
-0.050,0.023,0.988,-164.700,88.060,-66.890,0.020,1.001,0.012
0.066,-0.062,1.035,-168.280,88.310,-70.320,0.020,1.008,0.012
-0.007,0.000,0.996,-174.150,88.580,-76.040,0.020,1.004,0.004
-0.035,0.082,1.019,68.530,88.670,167.550,-0.004,0.993,-0.008
-0.031,0.035,1.023,89.280,88.880,-171.770,0.004,0.985,-0.028
-0.035,0.062,0.996,-174.340,88.330,-76.120,0.020,0.985,-0.008
0.011,0.089,1.019,-169.120,88.010,-70.980,0.016,0.985,0.012
0.000,-0.019,1.007,-163.400,86.790,-65.310,0.043,0.985,0.024
0.058,-0.066,1.019,-172.810,87.660,-74.350,0.039,0.958,0.008
0.023,-0.019,1.011,112.280,88.890,-148.600,0.008,0.970,-0.008
-0.046,0.167,1.007,92.740,88.680,-167.990,0.004,0.978,-0.004
-0.050,0.128,1.039,78.410,88.000,177.790,-0.008,0.989,-0.028
-0.003,0.035,1.015,166.730,88.160,-94.940,0.004,0.977,-0.024
0.027,-0.039,1.003,-167.100,86.790,-69.200,0.024,0.977,0.008
0.050,-0.007,1.019,-167.080,86.800,-69.110,0.035,0.974,0.004
-0.011,0.023,0.992,125.840,88.330,-134.840,0.012,0.978,-0.012
0.007,0.085,1.050,137.940,88.230,-122.830,0.016,0.978,-0.016
0.023,0.039,1.046,148.850,88.080,-112.020,0.020,0.978,-0.020
0.003,0.011,0.972,157.760,87.890,-103.210,0.024,0.981,-0.020
0.023,0.066,1.007,178.260,86.290,-82.870,0.063,0.993,0.008
0.007,0.050,0.988,168.100,86.270,-92.770,0.071,0.989,0.000
0.015,0.050,1.000,151.570,86.750,-109.130,0.063,0.961,-0.008
0.027,0.015,1.003,145.620,86.870,-115.000,0.067,0.961,-0.016
0.003,0.031,0.996,80.020,86.160,-179.770,-0.008,0.974,-0.063
-0.039,0.144,1.007,68.940,85.450,169.350,-0.031,0.985,-0.078
-0.007,0.113,1.035,78.710,86.270,178.830,-0.020,0.981,-0.082
0.027,0.015,1.035,85.270,86.660,-174.750,-0.012,0.985,-0.074
0.062,-0.015,1.011,172.050,86.750,-88.860,0.051,0.978,0.004
0.035,-0.062,0.988,168.280,87.100,-92.050,0.067,0.989,0.012
0.042,0.019,0.988,134.160,87.640,-125.520,0.047,0.993,-0.004
-0.011,0.117,1.031,126.910,87.620,-132.690,0.051,0.989,-0.020
0.027,0.000,1.007,174.630,84.790,-86.250,0.082,0.985,0.008
0.062,-0.011,0.996,173.860,84.730,-86.940,0.082,0.989,0.008
0.007,0.054,0.937,173.040,84.690,-87.700,0.094,0.985,0.008
0.093,0.023,1.011,172.240,84.670,-88.460,0.094,0.985,0.004
0.027,-0.023,0.980,163.650,84.160,-97.030,0.106,0.945,-0.008
0.031,-0.015,1.003,153.720,85.270,-106.700,0.090,0.945,-0.016
0.000,0.089,1.039,131.930,86.420,-128.130,0.059,0.985,-0.031
-0.023,0.097,1.042,127.750,86.530,-132.270,0.059,0.974,-0.031
0.007,0.113,1.062,134.770,87.960,-125.670,0.016,0.993,-0.031
-0.011,0.039,1.011,165.200,87.880,-95.550,0.024,0.993,-0.016
0.058,-0.050,0.992,166.910,88.020,-93.570,0.024,1.008,-0.008
0.046,-0.066,0.968,161.420,88.080,-98.930,0.024,1.004,-0.008
-0.050,0.148,1.003,79.550,86.640,-179.310,0.016,0.977,-0.059
-0.035,0.093,1.027,78.000,86.420,179.220,0.000,0.978,-0.063
0.046,0.035,1.070,126.290,87.640,-133.640,0.024,0.953,-0.047
0.023,-0.015,0.992,141.910,87.620,-118.290,0.020,0.953,-0.039
0.105,0.007,1.042,146.490,86.180,-113.590,0.059,0.981,-0.016
0.007,0.019,0.980,145.010,86.020,-115.110,0.063,0.989,-0.039
0.078,0.062,0.980,144.050,85.810,-116.130,0.059,0.989,-0.031
0.039,0.015,0.953,143.610,85.530,-116.630,0.055,0.989,-0.035
0.117,0.011,0.992,151.200,82.920,-109.320,0.121,0.969,-0.059
0.027,0.046,0.988,155.650,82.410,-104.830,0.145,0.942,-0.051
0.066,0.058,1.000,157.180,83.160,-102.990,0.133,0.961,-0.020
0.011,-0.015,1.003,157.340,83.350,-102.790,0.137,0.953,-0.031
0.046,-0.015,1.007,147.260,85.800,-112.290,0.082,0.958,-0.020
0.023,0.011,1.015,120.970,87.090,-137.730,0.012,0.978,-0.012
-0.007,0.093,1.054,107.100,87.680,-151.090,0.016,0.978,-0.051
0.023,0.078,1.101,106.740,87.910,-151.470,0.020,0.973,-0.047
0.042,0.007,1.035,-167.350,87.270,-66.310,0.024,0.989,0.020
0.078,-0.070,1.003,-162.540,86.410,-61.520,0.051,1.013,0.043
0.074,-0.070,0.941,172.680,86.650,-85.830,0.071,1.020,0.028
0.015,0.042,0.953,165.060,86.660,-93.340,0.067,1.009,0.008
0.023,0.128,0.996,176.390,82.730,-83.060,0.125,0.945,-0.012
0.027,0.003,1.011,177.810,82.710,-81.640,0.117,0.953,0.004
0.074,-0.054,1.000,178.540,82.790,-80.880,0.113,0.958,0.020
0.097,-0.121,0.976,178.640,82.950,-80.690,0.106,0.962,0.024
0.046,-0.003,0.996,157.750,85.400,-100.130,0.098,0.966,-0.004
-0.042,0.199,1.070,133.810,86.220,-123.490,0.063,0.978,-0.016
0.035,0.058,1.058,146.270,86.070,-111.600,0.067,0.961,-0.047
0.031,-0.078,1.007,153.080,85.900,-105.030,0.067,0.962,-0.043
0.082,-0.062,1.003,175.070,85.590,-83.700,0.067,0.993,0.012
-0.015,0.054,1.023,139.920,87.100,-117.940,0.039,1.009,-0.004
-0.046,0.164,1.003,114.680,87.110,-142.950,0.035,0.981,-0.071
0.000,-0.011,1.062,116.590,87.080,-141.140,0.039,0.989,-0.059
-0.007,-0.054,1.011,171.020,85.960,-88.300,0.031,0.978,-0.024
0.015,0.003,1.015,173.790,86.240,-85.610,0.004,1.009,0.055
0.007,0.062,1.015,163.350,86.970,-96.210,-0.012,1.012,0.012
-0.003,0.093,1.003,161.920,86.960,-97.710,-0.008,1.009,0.012
0.062,-0.035,1.054,147.830,86.470,-115.790,0.047,1.012,-0.016
0.078,-0.039,0.968,140.090,86.520,-123.650,0.043,1.013,0.000
0.117,0.074,0.972,133.340,86.480,-130.550,0.051,1.017,-0.004
0.089,0.046,0.964,128.280,86.340,-135.780,0.051,1.020,-0.020
0.097,0.054,0.996,135.960,84.540,-130.570,0.133,0.938,-0.082
0.144,-0.144,0.968,140.100,84.020,-127.960,0.141,0.942,-0.039
0.152,0.000,0.996,138.240,83.790,-130.670,0.145,0.946,-0.071
0.062,0.125,0.843,137.260,83.770,-131.750,0.141,0.957,-0.043
0.062,0.152,1.039,152.380,83.260,-118.420,0.121,0.966,-0.090
0.082,0.000,1.027,-179.210,81.560,-91.890,0.192,0.927,-0.067
0.125,-0.085,1.035,-166.700,80.620,-80.330,0.184,0.930,0.000
0.148,-0.066,1.027,-166.300,80.690,-79.940,0.188,0.935,0.004
0.093,-0.093,1.003,166.940,84.790,-105.270,0.090,1.001,-0.031
0.039,0.089,1.000,145.760,85.560,-126.240,0.067,1.017,-0.047
0.062,0.105,1.039,158.830,85.080,-113.990,0.078,1.001,-0.039
0.113,-0.089,1.042,165.340,84.810,-107.760,0.094,1.001,-0.043
0.125,-0.093,1.007,-165.230,82.820,-78.840,0.133,0.981,0.008
0.093,-0.085,0.984,-165.930,82.950,-79.460,0.137,0.978,0.000
0.078,-0.019,0.976,-166.390,83.020,-79.870,0.137,0.978,0.000
0.074,0.023,1.019,-166.650,83.040,-80.120,0.129,0.977,0.000
0.031,-0.019,1.011,-160.550,81.720,-74.340,0.164,0.945,0.024
0.042,-0.054,1.011,-155.610,81.210,-69.260,0.168,0.957,0.051
0.085,-0.089,1.042,-157.110,82.490,-69.920,0.141,0.974,0.063
0.042,-0.023,0.988,-158.600,82.950,-71.210,0.133,0.973,0.055
0.078,0.113,1.046,166.780,86.880,-104.370,0.031,0.989,0.008
-0.046,0.125,0.972,157.450,86.400,-113.990,0.035,0.989,-0.008
0.074,0.164,0.992,172.270,84.980,-100.170,0.082,0.965,-0.039
0.093,0.027,0.996,173.780,84.680,-98.850,0.086,0.969,-0.043
0.074,0.062,0.984,158.760,83.110,-113.840,0.121,0.950,-0.078
0.058,0.062,0.988,128.830,83.270,-142.350,0.090,0.961,-0.074
0.105,0.117,1.031,102.410,82.150,-167.280,0.059,0.981,-0.141
0.050,0.101,1.046,98.920,81.920,-170.570,0.043,0.985,-0.145
-0.039,0.152,0.992,112.360,85.520,-158.180,0.008,0.985,-0.059
0.027,0.089,1.035,118.410,85.820,-152.200,0.024,0.989,-0.063
0.070,0.062,1.011,124.220,86.070,-146.430,0.031,0.981,-0.067
0.003,0.167,1.003,129.780,86.250,-140.900,0.039,0.985,-0.051
0.015,0.054,1.007,157.360,85.770,-113.150,0.078,0.973,-0.028
0.082,0.007,0.992,155.450,85.890,-114.840,0.074,0.954,-0.035
0.050,-0.035,0.976,120.670,85.900,-148.950,0.043,0.969,-0.055
0.019,0.167,1.007,112.250,85.690,-157.180,0.031,0.973,-0.055
-0.089,0.285,1.023,83.250,84.020,174.830,-0.004,0.978,-0.094
0.000,0.148,1.054,94.500,85.490,-174.860,0.008,0.985,-0.110
0.046,-0.046,1.000,120.940,86.750,-149.430,0.016,0.961,-0.063
0.078,-0.011,0.996,122.290,86.840,-148.100,0.012,0.974,-0.047
-0.042,0.148,0.988,75.760,84.020,167.290,-0.028,0.996,-0.063
-0.031,0.199,1.042,71.180,83.110,163.130,-0.035,0.996,-0.121
0.007,0.093,1.019,84.380,85.220,175.310,-0.004,0.966,-0.098
-0.015,0.089,1.019,89.750,85.750,-179.610,0.004,0.962,-0.082
-0.019,0.019,1.015,68.470,87.280,161.350,-0.012,0.989,-0.031
0.035,-0.039,1.046,64.670,87.000,157.760,-0.035,0.989,-0.035
-0.046,-0.003,0.992,61.440,86.750,154.710,-0.035,0.993,-0.031
-0.035,0.183,1.019,58.820,86.530,152.210,-0.039,0.993,-0.035
-0.117,0.222,0.960,81.620,87.950,174.460,-0.039,0.977,-0.031
0.054,-0.011,1.027,-175.620,87.410,-84.060,0.024,0.962,-0.016
0.117,-0.191,1.007,-167.920,85.910,-76.810,0.055,0.942,0.004
0.003,0.066,0.976,-170.540,86.040,-79.310,0.055,0.935,0.008
-0.054,0.250,1.011,99.940,86.900,-166.470,0.012,1.017,-0.063
0.003,0.101,1.039,133.900,86.700,-133.310,0.043,0.962,-0.051
0.070,-0.031,1.023,174.490,85.730,-94.160,0.094,0.941,-0.043
0.082,-0.054,1.023,176.530,85.670,-92.260,0.098,0.945,-0.028
-0.023,0.007,0.988,96.830,86.740,-170.350,0.012,1.000,-0.039
-0.031,0.210,1.042,74.300,85.070,168.010,-0.020,1.012,-0.059
-0.046,0.167,1.046,81.660,85.800,174.680,-0.024,0.993,-0.094
-0.007,0.093,1.023,88.920,86.240,-178.350,-0.020,0.993,-0.086
0.046,-0.027,1.007,95.000,86.400,-171.500,0.016,0.985,-0.047
0.078,-0.078,0.996,88.470,85.930,-177.790,0.004,0.989,-0.055
-0.031,0.066,0.949,83.920,85.480,177.860,0.008,0.985,-0.059
0.011,0.195,1.046,80.880,85.090,174.980,0.000,0.989,-0.067
-0.031,0.207,1.027,96.740,85.720,-169.990,0.008,0.961,-0.086
0.039,0.039,1.050,150.630,86.630,-117.520,0.031,0.973,-0.028
0.050,0.027,1.007,168.570,86.130,-99.780,0.067,0.978,-0.012
0.082,-0.066,0.988,165.720,86.340,-102.510,0.074,0.973,-0.020
0.035,0.015,0.988,84.410,85.110,178.330,0.008,0.989,-0.074
-0.046,0.203,1.007,73.840,83.360,168.190,-0.039,1.000,-0.106
0.015,0.125,1.058,88.200,84.650,-178.260,-0.012,0.977,-0.113
0.058,0.019,1.027,95.920,85.250,-170.870,0.000,0.974,-0.106
0.035,0.003,0.972,-171.920,84.400,-80.960,0.094,0.981,0.020
0.070,-0.015,1.000,-172.560,84.520,-80.980,0.110,0.985,0.031
0.089,-0.058,1.015,168.640,85.830,-98.820,0.094,0.970,-0.016
0.039,0.035,1.031,162.860,86.050,-104.440,0.098,0.965,-0.020
0.000,0.125,1.011,171.280,85.160,-97.020,0.051,0.961,-0.008
-0.019,0.152,0.992,174.070,84.860,-94.360,0.067,0.974,0.000
0.078,-0.011,1.027,175.800,84.610,-92.720,0.074,0.970,0.004
0.085,-0.054,1.003,176.550,84.410,-92.020,0.078,0.953,0.004
0.085,-0.039,0.988,144.730,85.570,-122.670,0.086,0.969,-0.020
0.035,0.082,1.039,108.280,85.200,-158.030,0.047,0.989,-0.067
0.003,0.199,1.050,104.720,84.940,-161.630,0.031,0.985,-0.082
0.070,0.082,1.046,108.090,85.050,-158.430,0.035,0.981,-0.086
0.070,0.003,0.984,170.230,84.370,-98.300,0.082,0.989,-0.031
0.074,-0.031,0.937,173.850,83.860,-94.440,0.094,0.996,-0.004
0.082,-0.003,0.953,156.250,84.140,-111.080,0.102,0.965,-0.031
0.003,0.132,1.000,151.690,84.220,-115.450,0.102,0.970,-0.039
-0.015,0.175,1.039,125.750,84.520,-140.750,0.074,0.931,-0.074
0.023,-0.042,1.046,132.050,85.680,-135.000,0.055,0.962,-0.059
0.101,-0.191,1.027,138.450,86.430,-128.860,0.031,0.973,-0.047
0.085,0.031,1.000,135.550,86.620,-131.730,0.012,0.981,-0.035
-0.003,0.175,1.031,-157.810,82.610,-67.210,0.121,0.957,0.020
0.023,0.125,1.054,-155.120,82.000,-64.770,0.133,0.969,0.035
0.035,-0.062,1.019,-153.290,81.550,-63.090,0.137,0.966,0.051
0.101,-0.222,0.976,-152.100,81.260,-61.990,0.141,0.973,0.071
0.097,-0.117,0.968,-161.900,84.030,-70.140,0.082,0.977,0.063
0.039,0.078,1.027,167.960,86.490,-98.830,0.063,0.981,0.008
-0.023,0.070,1.027,173.230,85.870,-93.430,0.078,0.981,-0.020
0.078,-0.003,1.042,179.920,85.340,-86.950,0.102,0.957,-0.024
0.062,0.000,1.015,-154.500,80.720,-63.250,0.152,0.969,0.090
0.054,-0.085,1.007,-158.600,82.230,-66.560,0.133,0.981,0.059
0.097,-0.046,1.011,179.290,85.210,-87.370,0.102,0.969,0.020
0.042,0.046,1.011,170.150,85.760,-96.290,0.098,0.961,0.004
-0.019,0.187,1.007,92.840,85.000,-172.510,0.008,0.993,-0.078
0.078,0.136,1.054,108.460,85.110,-157.690,0.016,0.997,-0.078
0.035,-0.031,0.949,143.630,84.740,-123.810,0.051,0.973,-0.071
0.140,-0.046,0.972,149.020,84.520,-118.610,0.067,0.973,-0.059
0.066,0.027,0.980,162.630,83.270,-104.160,0.129,0.950,-0.035
0.039,0.164,1.027,165.530,83.230,-101.360,0.121,0.954,-0.028
0.042,0.066,1.019,168.180,83.220,-98.840,0.133,0.961,-0.031
0.078,-0.101,1.007,170.580,83.230,-96.540,0.129,0.966,-0.024
0.101,-0.117,0.988,163.530,84.750,-103.120,0.074,0.961,0.000
0.023,0.097,1.023,125.600,85.530,-139.900,0.051,0.981,-0.039
-0.003,0.179,1.042,115.050,85.300,-149.990,0.035,1.000,-0.074
0.058,0.066,1.066,120.350,85.390,-144.780,0.047,0.997,-0.078
0.035,-0.031,0.976,-174.470,83.760,-81.220,0.117,0.977,0.004
0.089,-0.128,0.964,-176.100,84.470,-82.370,0.098,0.993,0.031
0.042,-0.050,0.968,149.070,86.240,-116.020,0.067,0.970,-0.016
0.000,0.164,1.042,138.830,86.320,-126.030,0.051,0.957,-0.024
-0.015,0.113,1.058,122.920,86.270,-141.380,0.035,0.965,-0.071
0.023,0.042,1.046,179.880,85.390,-85.550,0.078,0.970,-0.024
0.042,-0.070,1.027,-160.520,83.690,-66.410,0.094,0.989,0.043
0.078,-0.152,1.003,-159.810,83.730,-65.620,0.094,0.993,0.059
-0.027,0.078,0.976,137.650,87.750,-125.960,0.031,0.973,-0.047
-0.058,0.207,1.019,154.010,87.630,-109.820,0.028,0.962,-0.043
-0.011,0.015,1.035,167.050,87.400,-96.990,0.047,0.954,-0.016
0.042,-0.054,1.007,176.370,87.120,-87.850,0.047,0.949,0.000
0.039,-0.007,1.007,145.070,88.210,-118.610,0.031,0.973,0.008
-0.054,0.156,1.039,71.600,86.770,169.150,-0.004,0.993,-0.055
0.074,0.136,1.160,65.530,85.900,163.080,-0.035,1.001,-0.082
0.011,0.007,1.054,67.890,86.120,165.250,-0.028,0.997,-0.082
0.027,0.054,0.945,135.030,88.010,-128.860,0.008,1.048,-0.016
0.015,0.101,0.871,138.950,86.350,-124.920,0.028,1.036,-0.004
0.117,0.062,1.000,136.530,84.230,-127.560,0.063,0.974,-0.086
0.011,0.074,0.972,137.260,83.830,-126.890,0.074,0.961,-0.086
0.085,0.066,1.062,139.390,83.790,-124.850,0.098,0.915,-0.074
0.082,-0.035,1.062,132.110,84.800,-131.790,0.071,0.961,-0.043
0.054,0.089,1.031,112.440,85.760,-151.250,0.047,0.989,-0.039
-0.023,0.121,0.929,106.690,85.830,-156.980,0.039,0.989,-0.047
0.066,0.128,0.914,158.320,82.190,-105.790,0.176,0.919,-0.063
0.152,0.046,1.007,158.090,82.260,-105.910,0.192,0.903,-0.074
-0.003,0.039,0.964,157.130,82.470,-106.770,0.180,0.896,-0.067
0.058,0.078,1.054,155.360,82.820,-108.470,0.164,0.919,-0.059
0.066,0.027,1.054,105.880,85.230,-157.880,0.028,0.961,-0.055
0.011,0.128,1.042,75.000,84.750,171.140,-0.039,0.993,-0.106
0.070,0.058,1.003,72.440,84.810,168.460,-0.055,1.028,-0.086
0.050,0.097,0.929,76.390,85.080,172.370,-0.043,1.020,-0.098
0.097,0.039,1.000,158.000,84.670,-106.400,0.051,1.005,-0.047
0.046,-0.035,1.007,174.760,82.410,-89.380,0.152,0.950,-0.039
-0.007,-0.031,0.996,-178.510,83.060,-82.350,0.152,0.918,0.008
0.062,-0.097,1.058,-177.840,83.520,-81.610,0.156,0.922,0.008
-0.070,0.042,1.019,153.270,87.890,-109.770,0.043,0.961,0.020
0.003,0.160,1.093,85.340,88.920,-177.530,-0.024,0.997,0.004
-0.082,0.054,1.031,167.350,89.080,-95.970,-0.020,0.993,-0.004
0.054,-0.046,0.988,-173.410,88.620,-76.880,-0.016,0.996,0.008
0.027,-0.093,0.906,112.530,85.880,-150.180,0.051,0.957,-0.059
0.074,0.015,1.027,112.090,85.840,-150.710,0.047,0.958,-0.067
-0.054,0.175,1.039,113.110,85.890,-149.830,0.043,0.962,-0.063
0.019,0.109,1.062,115.670,86.040,-147.420,0.043,0.953,-0.047
0.003,-0.050,0.988,-174.710,85.460,-79.480,0.047,0.970,0.000
0.121,-0.179,0.976,-166.200,85.070,-70.920,0.071,0.993,0.039
0.000,0.074,1.000,175.890,86.760,-87.810,0.059,0.969,0.004
-0.027,0.148,1.035,167.710,87.070,-95.790,0.055,0.970,0.012
0.039,0.015,1.062,173.540,86.970,-89.900,0.047,0.957,-0.043
0.058,-0.085,1.011,-159.430,84.780,-63.780,0.074,0.965,0.020
0.085,-0.062,0.984,-158.690,84.910,-62.710,0.074,1.000,0.051
0.003,0.046,0.988,-160.500,85.160,-64.320,0.078,0.997,0.039
-0.007,0.109,1.042,164.150,86.680,-98.200,0.078,0.993,-0.004
0.011,-0.007,1.039,167.610,86.220,-95.060,0.063,0.981,-0.016
0.078,-0.148,1.003,178.820,86.190,-84.180,0.059,0.973,0.008
0.000,0.015,0.976,179.880,86.360,-83.080,0.059,0.973,0.016
-0.031,0.140,1.015,-165.240,85.080,-68.770,0.067,0.949,0.016
0.027,0.019,1.042,-162.970,84.800,-66.600,0.074,0.961,0.016
0.054,-0.121,0.988,-161.370,84.630,-65.030,0.082,0.970,0.031
0.039,-0.101,0.960,-160.460,84.560,-64.090,0.082,0.969,0.039
0.015,0.050,1.011,-175.980,86.170,-78.340,0.071,0.977,0.039
0.000,0.078,1.054,178.760,86.360,-83.430,0.082,0.957,0.004
0.019,0.000,1.039,-167.190,85.150,-69.860,0.082,0.953,0.000
0.062,-0.144,0.980,-164.670,84.890,-67.440,0.074,0.958,0.016
0.042,-0.089,0.980,-166.300,85.440,-68.840,0.063,0.989,0.035
0.015,0.093,1.031,169.140,86.880,-92.720,0.055,0.981,0.024
-0.019,0.085,1.066,171.480,86.620,-90.380,0.067,0.966,-0.028
0.042,-0.078,1.039,177.840,86.270,-84.150,0.074,0.961,-0.016
0.085,-0.152,0.988,-154.060,82.820,-57.250,0.102,0.989,0.094
0.050,-0.082,0.945,-160.690,84.630,-63.140,0.094,0.993,0.067
0.000,0.082,1.023,175.510,86.590,-86.130,0.071,0.989,0.031
-0.003,0.082,1.062,171.130,86.720,-90.430,0.071,0.989,0.008
0.027,-0.003,1.042,-160.290,84.210,-62.910,0.090,0.989,0.067
0.035,-0.109,0.968,-163.420,84.710,-65.820,0.090,0.989,0.051
0.062,-0.144,0.941,-167.430,85.220,-69.620,0.082,0.985,0.043
-0.007,0.050,0.953,-172.670,85.710,-74.650,0.082,0.981,0.031
-0.007,0.152,1.050,141.100,87.010,-120.040,0.047,0.957,-0.031
0.007,0.011,1.062,176.380,85.990,-85.650,0.059,0.946,-0.016
0.058,-0.078,1.007,-160.520,83.950,-63.480,0.082,0.965,0.039
0.078,-0.152,0.960,-158.980,83.790,-62.020,0.082,0.973,0.051
0.003,-0.007,0.949,-176.490,86.210,-78.370,0.082,0.993,0.035
-0.007,0.175,1.058,156.820,87.000,-104.670,0.063,0.966,-0.012
0.023,0.054,1.062,171.810,86.240,-90.340,0.059,0.953,-0.035
0.074,-0.097,1.019,178.520,85.860,-83.850,0.063,0.953,-0.020
0.031,-0.128,0.953,-160.990,84.530,-63.970,0.086,0.996,0.051
0.011,0.070,1.011,175.280,86.770,-86.670,0.067,0.997,0.020
-0.042,0.160,1.054,137.170,87.280,-124.440,0.039,0.978,-0.028
0.054,-0.031,1.039,138.290,87.220,-123.380,0.043,0.973,-0.028
0.082,-0.078,0.972,123.530,87.510,-137.480,0.078,0.965,-0.016
0.042,0.070,0.960,117.510,87.380,-143.430,0.074,0.962,-0.031
0.000,0.121,0.976,113.690,87.260,-147.220,0.074,0.953,-0.043
0.066,0.097,1.035,111.320,87.170,-149.620,0.071,0.941,-0.067
0.007,0.066,0.984,104.550,87.370,-157.300,0.031,0.945,-0.059
0.117,0.066,1.054,94.410,87.480,-167.370,0.035,0.974,-0.063
-0.035,0.078,0.988,86.090,86.960,-175.240,0.055,0.977,-0.082
0.003,0.101,1.015,84.540,86.810,-176.710,0.055,0.981,-0.078
-0.039,0.007,0.957,76.190,86.180,174.360,-0.008,0.981,-0.086
-0.011,0.121,1.023,78.360,86.490,175.910,-0.008,0.978,-0.067
-0.042,0.035,1.019,85.650,87.020,-177.290,-0.024,0.966,-0.043
-0.015,0.050,1.042,88.870,87.140,-174.180,-0.016,0.970,-0.035
-0.074,0.019,0.976,133.540,88.420,-130.650,0.008,0.974,0.008
-0.046,0.066,0.984,128.540,88.500,-136.040,-0.012,1.012,0.016
-0.054,0.089,1.023,105.500,88.450,-159.580,-0.031,0.966,-0.031
-0.066,0.007,0.992,104.380,88.420,-160.780,-0.043,0.965,-0.012
-0.003,0.027,1.058,-39.160,89.410,54.980,-0.016,1.009,0.004
-0.175,-0.019,1.667,-39.620,89.300,54.470,-0.024,1.008,0.004
-0.039,-0.011,0.750,-40.170,89.220,53.850,-0.028,1.009,0.008
-0.050,0.085,1.046,-41.540,89.160,52.410,-0.020,1.013,0.012
-0.019,0.023,0.835,-15.050,89.060,78.800,-0.028,1.009,-0.028
-0.062,0.023,0.984,1.870,89.380,95.820,-0.012,0.970,0.016
-0.035,0.046,1.019,35.450,88.880,129.610,-0.043,1.036,0.024
-0.039,0.054,0.992,35.650,88.780,129.810,-0.047,1.028,-0.020
0.003,0.023,1.089,34.390,89.060,128.630,0.008,0.970,0.016
-0.058,0.062,1.230,34.830,88.930,129.080,-0.024,0.989,-0.024
-0.042,0.023,0.925,33.240,89.130,127.540,-0.024,0.981,-0.055
-0.074,0.074,1.175,32.350,89.170,126.610,-0.031,0.962,-0.012
-0.039,0.027,0.960,34.090,88.960,129.280,-0.028,0.996,-0.016
-0.042,0.070,0.996,33.270,88.990,128.450,-0.012,0.978,0.012
-0.035,0.039,1.007,32.300,89.040,127.480,-0.020,0.962,0.035
-0.035,0.062,1.003,31.850,89.100,127.030,0.039,0.974,0.008
-0.031,0.042,1.015,31.330,89.040,126.510,0.008,0.970,0.008
-0.039,0.054,1.027,31.280,89.040,126.460,0.008,0.970,0.008
-0.039,0.054,1.003,31.320,89.010,126.500,0.000,0.970,0.008
-0.039,0.046,1.007,31.400,88.980,126.580,-0.004,0.978,0.004
-0.042,0.058,1.019,30.640,88.990,125.820,0.000,0.978,0.000
-0.039,0.054,1.011,30.450,88.980,125.630,-0.008,0.974,0.008
-0.035,0.046,1.003,30.540,88.930,125.710,-0.039,0.996,-0.035
-0.031,0.042,1.003,30.510,88.940,125.690,-0.039,0.993,-0.031
-0.035,0.046,1.007,29.310,88.990,124.480,-0.004,0.974,0.004
-0.035,0.054,1.011,29.360,88.970,124.540,-0.024,0.981,-0.016
-0.035,0.054,1.015,29.400,88.960,124.570,-0.035,0.993,-0.031
-0.039,0.050,1.011,29.230,88.970,124.400,-0.031,0.985,-0.024
-0.031,0.054,1.007,28.740,88.960,123.920,-0.020,0.985,-0.016
-0.039,0.054,1.007,28.480,88.960,123.650,-0.016,0.981,-0.008
-0.035,0.050,1.019,28.270,88.950,123.450,-0.016,0.981,-0.008
-0.035,0.050,1.007,28.270,88.950,123.450,-0.024,0.981,-0.012
-0.035,0.050,1.003,26.900,88.920,122.080,-0.020,0.981,-0.012
-0.035,0.054,1.003,26.860,88.920,122.040,-0.020,0.985,-0.012
-0.039,0.054,1.007,26.790,88.920,121.970,-0.020,0.981,-0.012
-0.035,0.054,1.007,26.750,88.910,121.940,-0.016,0.981,-0.012
-0.035,0.054,1.023,26.870,88.890,122.060,-0.020,0.981,-0.012
-0.035,0.050,1.007,26.820,88.880,122.010,-0.020,0.977,-0.008
-0.035,0.054,1.007,27.150,88.860,122.330,-0.016,0.981,-0.008
-0.035,0.050,1.007,27.180,88.860,122.360,-0.016,0.985,-0.012
-0.035,0.050,1.011,26.700,88.850,121.880,-0.020,0.985,-0.016
-0.039,0.054,1.007,26.730,88.840,121.910,-0.020,0.981,-0.012
-0.035,0.054,1.007,26.960,88.830,122.140,-0.020,0.985,-0.012
-0.039,0.050,1.007,27.040,88.830,122.220,-0.020,0.981,-0.008
-0.031,0.050,1.011,26.880,88.810,122.060,-0.024,0.985,-0.016
-0.035,0.050,1.007,26.700,88.800,121.890,-0.020,0.981,-0.012
